1,1,1,3,3,0,100,58147,0,0
0,0,1,2,1,1,99,58499,0,0
0,0,1,2,1,0,100,58323,0,0
0,0,2,3,0,1,100,58219,0,0
2,0,2,2,1,0,100,59084,0,0
0,0,2,3,1,0,100,58529,0,0
0,0,2,2,0,0,100,58223,0,0
0,0,2,4,1,0,100,58605,0,0
1,0,2,2,2,0,100,58822,0,0
0,0,2,3,2,0,101,58475,0,0
0,0,2,3,0,0,100,57927,0,0
1,0,1,2,1,1,100,58485,0,0
0,0,2,2,0,0,100,58765,0,0
0,0,1,2,1,0,100,58486,0,0
0,0,2,3,0,0,100,58242,0,0
0,0,2,3,1,1,100,58132,0,0
0,0,2,3,0,1,100,58284,0,0
0,0,3,3,1,0,100,58258,0,0
0,0,2,2,0,0,101,58369,0,0
0,0,2,3,0,0,100,58206,0,0
0,0,2,3,1,0,99,58390,0,0
0,0,2,3,1,0,100,58372,0,0
0,0,2,3,0,1,100,58469,0,0
0,0,2,3,1,0,101,58423,0,0
1,0,1,2,1,1,100,58576,0,0
1,0,2,3,1,0,100,58511,0,0
1,0,2,3,0,0,100,58418,0,0
0,0,2,2,0,1,100,58453,0,0
1,0,1,3,2,0,100,58301,0,0
0,0,2,2,1,1,100,59043,0,0
0,0,1,3,1,0,100,58273,0,0
1,0,1,3,1,1,100,58210,0,0
1,0,2,2,2,0,99,57996,0,0
1,0,1,2,1,0,99,58204,0,0
1,0,2,3,1,1,100,58512,0,0
1,0,2,3,0,0,100,58540,0,0
1,0,1,2,1,0,100,58561,0,0
0,0,2,2,1,1,100,58191,0,0
1,0,2,3,1,0,100,58603,0,0
0,0,2,3,0,0,100,58176,0,0
1,0,1,3,1,0,101,59050,0,0
1,0,2,2,1,1,100,58207,0,0
0,0,2,3,1,1,100,58618,0,0
1,0,1,3,0,0,100,58275,0,0
0,1,2,3,1,0,100,59011,0,0
0,0,2,2,1,0,100,58487,0,0
0,0,2,2,2,0,100,58279,0,0
1,0,3,2,1,1,100,58527,0,0
2,0,2,3,1,0,100,58577,0,0
0,0,2,3,1,0,99,58617,0,0
0,0,1,3,1,1,100,58208,0,0
0,0,2,2,0,1,100,58405,0,0
2,0,2,2,1,0,100,59070,0,0
0,0,2,3,1,0,101,58405,0,0
1,0,2,3,1,1,100,58854,0,0
1,0,2,3,2,0,100,58278,0,0
0,0,0,2,1,1,99,58675,0,0
1,1,1,3,1,1,100,58380,0,0
0,0,1,3,0,0,100,58503,0,0
1,0,1,3,0,0,100,58298,0,0
0,0,2,2,1,0,100,58252,0,0
1,0,1,4,1,0,100,58561,0,0
0,0,1,2,0,0,101,58639,0,0
2,0,1,2,0,1,100,58705,0,0
0,0,2,3,1,0,100,58294,0,0
1,0,2,3,1,0,100,58270,0,0
1,0,2,4,1,1,100,58795,0,0
1,0,2,2,2,0,100,58372,0,0
1,0,2,2,0,0,100,58594,0,0
1,0,1,3,1,1,100,58366,0,0
0,0,2,2,0,0,100,58200,0,0
0,0,2,2,1,0,101,58202,0,0
0,0,2,2,1,1,100,58562,0,0
1,0,2,3,1,0,100,58049,0,0
0,0,1,2,1,1,100,58299,0,0
0,0,1,2,1,0,101,58539,0,0
1,0,1,2,1,0,100,59015,0,0
1,0,1,2,1,1,100,58437,0,0
0,0,2,3,0,0,101,58204,0,0
0,0,2,3,1,0,100,58639,0,0
0,1,2,3,0,1,100,58758,0,0
0,0,3,3,0,0,101,58191,0,0
1,0,1,3,1,1,99,58675,0,0
1,0,2,3,1,0,100,58608,0,0
0,0,2,2,1,1,100,58494,0,0
0,0,2,3,0,0,100,58460,0,0
0,0,2,2,0,0,101,58416,0,0
0,0,1,3,0,0,100,58606,0,0
1,0,1,3,1,0,100,58431,0,0
1,0,2,3,0,0,100,58320,0,0
1,0,0,4,0,0,101,58553,0,0
0,0,2,3,0,1,100,58251,0,0
1,0,1,3,1,0,100,59144,0,0
1,0,2,2,1,1,99,58306,0,0
0,0,2,3,0,0,100,58496,0,0
0,0,2,3,1,0,100,58531,0,0
1,1,1,3,2,0,100,58543,0,0
1,0,2,4,0,0,100,58721,0,0
2,0,1,3,0,1,100,59028,0,0
0,0,2,3,0,0,98,58166,0,0
1,0,0,2,1,0,101,58205,0,0
0,0,2,3,1,1,100,58496,0,0
0,0,1,3,1,0,100,58342,0,0
1,0,1,3,3,0,100,58234,0,0
0,0,3,3,1,0,100,58246,0,0
0,1,2,2,0,0,100,58424,0,0
0,0,2,3,1,0,100,58776,0,0
0,0,1,4,0,0,100,59008,0,0
0,0,2,3,1,0,100,58951,0,0
1,0,1,3,1,1,99,58404,0,0
0,0,2,2,1,2,100,59165,0,0
1,0,2,2,0,0,99,58566,0,0
0,0,2,2,0,1,100,58319,0,0
0,1,1,1,1,1,99,58642,0,0
0,1,2,2,0,0,100,58435,0,0
1,0,0,3,1,2,100,58497,0,0
0,0,2,1,1,0,101,58534,0,0
1,0,1,2,1,0,100,58767,0,0
0,0,2,3,1,0,100,58774,0,0
1,0,2,2,1,1,100,58475,0,0
2,0,2,3,1,1,102,58280,0,0
2,0,1,3,2,0,100,58868,0,0
0,0,2,2,0,1,101,59217,0,0
0,0,2,3,0,0,100,58517,0,0
0,0,0,3,1,0,99,58685,0,0
1,0,2,3,1,0,100,58789,0,0
0,0,3,3,2,0,101,58487,0,0
0,0,1,1,1,0,99,58612,0,0
1,0,1,2,1,0,99,58465,0,0
0,0,2,2,1,0,100,59227,0,0
0,0,1,2,0,0,100,58423,0,0
2,1,2,3,1,0,100,59127,0,0
1,0,2,2,1,0,100,58884,0,0
0,0,1,2,2,0,101,58448,0,0
0,0,4,2,1,0,99,58273,0,0
2,0,2,3,2,0,100,58260,0,0
1,0,2,2,1,0,101,58263,0,0
1,0,2,3,1,0,100,58684,0,0
1,0,1,3,1,0,101,58492,0,0
1,0,2,2,0,1,100,58318,0,0
2,0,2,3,1,0,100,58032,0,0
0,0,2,1,1,0,99,58706,0,0
1,0,3,3,1,0,100,58265,0,0
0,0,1,2,1,1,100,58019,0,0
0,0,2,3,0,0,100,58201,0,0
0,0,2,3,1,0,100,58648,0,0
0,0,2,3,0,0,100,58334,0,0
1,0,1,2,1,0,100,58438,0,0
0,0,2,2,1,1,100,58219,0,0
0,0,2,3,1,0,100,58266,0,0
1,0,2,4,1,0,100,58464,0,0
0,0,2,2,1,1,100,58296,0,0
1,0,1,3,1,1,100,58480,0,0
1,0,1,3,1,0,100,58478,0,0
0,0,2,2,0,0,101,58411,0,0
0,0,2,2,0,0,100,58291,0,0
1,0,1,3,1,0,100,58440,0,0
1,0,1,2,1,0,101,58459,0,0
0,0,1,3,0,0,101,58794,0,0
0,0,2,2,0,0,100,58200,0,0
0,0,3,2,0,0,100,59271,0,0
0,0,1,2,1,0,100,58261,0,0
0,0,1,3,1,0,100,58547,0,0
0,0,1,3,1,0,99,58593,0,0
1,0,2,2,1,0,100,58779,0,0
0,0,2,2,0,0,100,58501,0,0
0,0,2,2,1,0,101,58130,0,0
0,0,1,3,1,0,100,58161,0,0
0,1,1,3,1,1,99,58331,0,0
1,0,2,3,1,0,99,58319,0,0
1,0,3,2,1,0,100,58237,0,0
0,0,1,3,1,0,100,58874,0,0
1,0,1,2,0,1,100,58372,0,0
1,0,1,3,0,0,100,58558,0,0
1,0,1,3,2,0,100,58542,0,0
0,0,1,2,1,0,100,58968,0,0
1,0,2,4,0,0,93,58595,0,0
0,0,2,2,0,0,93,58627,0,0
0,0,2,2,1,0,91,58622,0,0
0,0,1,3,2,0,94,58295,0,0
1,0,2,4,1,0,98,58472,0,0
0,0,2,2,1,0,99,58510,0,0
1,0,2,3,1,1,100,58889,0,0
0,0,2,3,0,0,99,58504,0,0
1,1,1,3,0,1,101,59028,0,0
0,0,3,3,0,0,100,58928,0,0
1,0,2,3,1,0,100,58719,0,0
0,0,2,4,1,0,101,58263,0,0
0,1,2,4,0,0,100,58330,0,0
0,0,1,1,1,0,99,58746,0,0
0,0,3,3,0,0,95,58281,0,0
0,0,1,2,1,0,93,58193,0,0
1,1,1,4,0,0,94,58330,0,0
2,0,0,3,1,0,99,58826,0,0
0,0,2,3,0,0,99,58775,0,0
0,0,0,3,0,0,100,58509,0,0
1,0,0,3,0,1,100,58461,0,0
0,0,1,2,0,0,100,58286,0,0
0,0,2,2,0,0,100,58519,0,0
0,0,1,3,1,0,100,58675,0,0
0,0,0,2,1,0,100,58207,0,0
0,0,0,3,0,0,100,58946,0,0
0,1,0,2,0,0,100,58674,0,0
1,0,0,4,0,0,100,58270,0,0
0,0,0,2,0,1,100,58359,0,0
1,0,1,4,0,1,100,58308,0,0
1,0,0,1,0,0,99,58447,0,0
0,0,1,2,0,1,100,58403,0,0
0,0,0,1,1,0,100,58741,0,0
1,1,0,2,0,0,100,58789,0,0
0,0,1,3,1,0,100,58783,0,0
0,0,0,4,0,0,100,58445,0,0
0,0,1,2,0,0,100,58417,0,0
0,0,1,2,0,1,100,58376,0,0
0,0,1,0,0,0,100,58544,0,0
0,0,1,3,0,0,100,58270,0,0
0,0,1,3,1,0,99,58145,0,0
0,0,1,3,1,0,100,58267,0,0
0,0,0,2,0,1,100,58318,0,0
1,0,1,3,0,0,100,58184,0,0
0,0,1,2,0,0,100,58621,0,0
0,0,1,4,0,0,101,58433,0,0
1,0,1,3,0,0,100,58620,0,0
1,0,1,2,0,0,100,58088,0,0
0,0,1,1,0,0,100,58961,0,0
0,0,2,1,2,0,100,58867,0,0
0,0,2,2,0,0,101,58852,0,0
1,0,0,3,0,0,100,58586,0,0
0,0,0,4,0,0,100,58600,0,0
0,0,1,3,0,0,99,58450,0,0
0,0,1,1,1,0,101,58223,0,0
0,0,1,2,1,0,100,58634,0,0
0,0,1,1,1,2,100,58622,0,0
1,0,0,3,0,1,98,58970,0,0
0,0,1,3,0,0,101,58307,0,0
1,2,0,3,0,1,100,58126,0,0
0,0,0,2,0,1,100,58337,0,0
1,0,1,2,0,0,102,58657,0,0
1,0,0,2,0,0,100,58699,0,0
0,0,1,3,0,0,100,58884,0,0
0,1,0,3,0,0,101,58572,0,0
0,1,0,1,0,2,100,58820,0,0
1,0,0,3,1,1,91,58475,0,0
0,0,0,3,1,0,91,58504,0,0
0,0,0,3,0,0,94,58846,0,0
0,0,1,3,0,0,98,58776,0,0
0,0,0,3,0,0,98,59372,0,0
0,0,0,2,0,0,100,58656,0,0
1,0,1,4,0,0,101,58346,0,0
1,0,1,3,2,1,101,58324,0,0
0,0,1,2,1,0,100,58511,0,0
0,0,1,3,0,0,100,58389,0,0
0,0,0,4,1,0,100,58283,0,0
0,1,1,3,2,0,102,58922,0,0
0,0,0,3,1,0,100,58638,0,0
0,0,0,3,0,0,100,58784,0,0
0,0,1,4,1,0,101,58658,0,0
1,1,1,2,0,0,100,58325,0,0
4,0,0,4,1,0,94,58646,0,0
0,0,1,3,0,1,93,58583,0,0
1,0,0,3,0,0,94,58297,0,0
0,1,0,2,0,1,98,59462,0,0
1,3,0,3,2,0,98,58337,0,0
0,0,0,3,1,0,99,58367,0,0
0,0,1,3,1,0,100,58951,0,0
1,0,0,3,0,0,101,58154,0,0
0,0,1,3,0,0,101,58653,0,0
1,1,1,2,1,0,100,58265,0,0
1,0,0,3,1,0,100,58080,0,0
0,1,1,3,1,1,95,58416,0,0
0,0,0,4,0,0,93,58490,0,0
1,0,1,3,0,0,93,58307,0,0
0,0,1,2,1,0,95,58558,0,0
0,1,1,3,0,1,97,58331,0,0
1,0,1,3,0,1,98,58557,0,0
1,0,0,3,1,0,101,58278,0,0
0,0,1,2,1,0,101,58321,0,0
0,0,1,3,0,0,95,58869,0,0
0,0,1,2,0,0,96,58570,0,0
0,0,0,3,1,0,96,58162,0,0
0,0,0,3,0,0,98,58359,0,0
0,0,1,2,0,1,99,58739,0,0
1,0,0,3,0,0,100,58287,0,0
0,0,1,3,0,0,94,58424,0,0
0,0,1,3,1,0,92,58462,0,0
1,0,0,2,1,0,93,58133,0,0
0,0,0,3,0,1,95,58500,0,0
0,0,1,3,1,0,97,58962,0,0
0,0,1,3,0,0,100,58558,0,0
0,0,0,2,2,2,100,58723,0,0
0,0,0,3,1,0,95,58994,0,0
1,0,0,3,0,0,93,58963,0,0
0,0,0,3,1,0,95,58567,0,0
0,0,1,3,0,0,96,58255,0,0
2,0,1,1,0,0,100,58761,0,0
0,0,1,3,0,1,101,58944,0,0
1,0,1,3,1,0,102,58348,0,0
1,3,0,3,0,1,100,59030,0,0
2,0,1,2,0,0,101,58588,0,0
1,0,0,4,1,0,101,58489,0,0
1,0,1,5,1,0,100,59191,0,0
0,0,1,2,0,0,101,58258,0,0
0,1,2,3,0,1,101,58277,0,0
0,2,0,3,1,0,101,58664,0,0
0,0,2,3,1,1,101,58209,0,0
0,0,0,3,0,0,100,59001,0,0
1,2,1,3,1,0,100,58306,0,0
0,0,1,3,1,1,100,59094,0,0
1,0,1,3,2,0,100,58549,0,0
2,0,0,2,1,0,99,58252,0,0
1,0,0,3,0,0,99,58744,0,0
1,0,0,3,1,0,99,58247,0,0
0,0,1,3,1,0,100,58784,0,0
0,0,0,3,2,0,100,58446,0,0
0,0,0,3,1,0,100,58743,0,0
0,0,0,3,0,1,100,58279,0,0
0,0,0,3,1,1,100,58310,0,0
1,0,0,3,1,0,100,58787,0,0
0,0,0,3,1,0,100,58527,0,0
1,0,0,3,1,0,100,58899,0,0
1,1,0,3,1,1,100,58198,0,0
1,2,0,3,1,1,100,58694,0,0
0,0,0,1,1,0,100,58258,0,0
1,0,0,2,1,0,100,58556,0,0
0,1,0,3,1,0,99,58212,0,0
1,0,0,3,1,0,100,58991,0,0
0,0,0,3,1,0,100,58435,0,0
1,0,1,3,1,0,101,58350,0,0
0,0,2,2,1,0,101,58817,0,0
0,0,0,3,1,0,100,58475,0,0
1,0,1,4,0,0,100,58665,0,0
0,0,0,3,1,1,100,58455,0,0
1,0,0,3,0,0,100,58364,0,0
0,0,0,3,0,1,100,58674,0,0
1,1,0,3,1,1,100,58273,0,0
0,0,0,3,0,0,102,58198,0,0
0,0,0,3,2,0,100,59351,0,0
1,1,0,3,1,0,100,58869,0,0
0,0,0,3,1,2,100,58713,0,0
1,0,0,2,1,1,99,58333,0,0
0,0,1,3,2,0,100,58807,0,0
1,0,0,2,1,0,101,58237,0,0
0,0,1,3,2,0,101,58454,0,0
2,0,1,2,1,0,102,58769,0,0
0,0,2,3,0,0,100,58593,0,0
0,1,0,3,1,0,101,58446,0,0
1,0,0,3,1,0,100,58869,0,0
0,0,0,4,0,0,100,58431,0,0
0,1,1,3,0,0,100,58785,0,0
0,0,1,2,1,0,101,58486,0,0
1,0,1,3,1,0,101,58608,0,0
0,0,1,3,1,0,100,58395,0,0
1,1,1,3,1,0,100,59187,0,0
1,0,0,3,2,1,100,57845,0,0
1,0,0,3,1,0,100,59172,0,0
0,0,0,4,1,1,99,58495,0,0
1,0,0,2,0,0,99,58561,0,0
2,0,0,4,1,1,99,58564,0,0
0,0,1,3,1,0,100,58797,0,0
1,0,1,2,1,0,102,58481,0,0
1,1,0,3,1,2,99,58279,0,0
0,0,1,4,0,1,101,58524,0,0
1,1,0,3,2,0,100,58354,0,0
0,1,0,3,0,0,101,59004,0,0
1,0,1,3,1,1,100,58566,0,0
1,0,2,3,0,0,100,58442,0,0
0,0,0,3,0,1,100,58348,0,0
0,0,1,4,1,0,101,58626,0,0
1,0,0,3,1,0,101,58438,0,0
1,0,0,3,0,0,101,58658,0,0
2,0,1,2,2,0,102,58416,0,0
0,0,1,2,1,0,100,58695,0,0
1,0,1,3,2,0,101,59096,0,0
1,1,1,3,1,1,100,58280,0,0
0,0,1,3,0,0,100,58630,0,0
1,0,1,3,1,0,101,57917,0,0
1,0,0,3,1,0,100,58557,0,0
1,0,0,3,1,0,100,58533,0,0
0,0,0,2,1,0,100,58475,0,0
0,1,1,3,0,0,100,58605,0,0
1,0,1,3,1,1,100,58247,0,0
0,1,1,3,1,0,101,58629,0,0
1,0,0,2,1,1,101,58350,0,0
0,1,0,3,1,0,101,58361,0,0
1,0,0,3,1,0,101,58033,0,0
0,0,1,2,0,0,101,58849,0,0
0,0,2,3,0,0,101,58553,0,0
1,0,0,3,1,0,99,58471,0,0
0,1,0,3,1,0,101,58917,0,0
0,0,1,3,0,1,100,58512,0,0
1,0,0,3,1,0,100,58187,0,0
0,1,0,2,1,1,100,58781,0,0
0,0,1,3,1,1,100,58225,0,0
0,1,1,3,1,0,100,58516,0,0
1,0,0,3,0,1,100,58212,0,0
1,1,1,4,1,0,100,58646,0,0
1,1,0,3,0,0,100,58522,0,0
1,1,0,2,1,0,101,58410,0,0
0,0,1,3,0,0,101,58326,0,0
0,1,1,3,1,0,100,58209,0,0
0,2,1,4,0,0,101,58216,0,0
0,0,1,3,0,0,101,58686,0,0
1,0,0,4,1,1,101,58220,0,0
1,0,0,3,1,0,100,58279,0,0
0,0,1,3,0,0,101,58787,0,0
1,0,1,3,1,0,100,58869,0,0
0,0,1,4,0,0,101,58588,0,0
1,0,1,2,0,0,100,58429,0,0
1,1,1,3,2,0,100,58629,0,0
0,0,2,4,1,1,100,58371,0,0
0,1,0,4,1,0,100,58290,0,0
1,1,1,3,2,0,100,58522,0,0
0,0,1,3,2,0,102,59179,0,0
1,0,1,3,0,0,99,58376,0,0
0,0,1,2,0,1,101,59308,0,0
2,0,1,3,1,0,100,58743,0,0
1,0,0,3,1,0,100,58357,0,0
1,0,1,3,3,0,100,58455,0,0
2,0,1,2,0,0,101,58689,0,0
1,0,3,3,0,1,101,58308,0,0
1,0,1,3,0,0,100,58461,0,0
1,0,0,4,1,0,100,58032,0,0
0,0,1,2,1,0,100,58234,0,0
1,1,0,3,1,1,101,58457,0,0
1,0,0,3,1,0,101,58651,0,0
0,0,1,2,1,0,100,58127,0,0
1,0,1,2,1,0,100,58362,0,0
1,0,0,3,0,0,100,58460,0,0
0,0,0,3,0,0,100,58568,0,0
1,0,0,3,0,0,100,59081,0,0
1,0,0,3,1,0,100,58596,0,0
0,0,1,3,0,0,101,58522,0,0
0,0,1,2,1,0,101,58302,0,0
1,0,1,3,1,0,100,58437,0,0
0,1,1,3,0,0,101,58439,0,0
0,0,0,4,1,0,100,58390,0,0
0,0,1,4,1,0,101,58248,0,0
0,1,1,3,1,0,101,58444,0,0
1,1,0,3,2,1,100,58380,0,0
1,0,1,3,0,0,100,58527,0,0
0,0,1,3,1,0,101,58312,0,0
0,0,1,3,0,0,100,58712,0,0
1,0,1,3,1,0,100,58330,0,0
0,0,1,3,2,0,100,58107,0,0
1,0,2,2,0,0,102,58471,0,0
1,0,0,3,0,1,100,58635,0,0
3,1,0,3,1,1,100,58477,0,0
1,1,1,3,1,0,99,58331,0,0
0,1,1,4,0,0,100,58662,0,0
0,0,0,3,1,0,101,58305,0,0
0,0,1,3,0,0,100,58380,0,0
1,0,0,3,0,0,100,58373,0,0
1,0,0,2,1,0,101,59031,0,0
0,0,1,3,2,0,101,59044,0,0
0,0,0,2,1,0,100,58133,0,0
0,0,0,3,0,1,101,58341,0,0
0,0,2,2,1,0,100,58583,0,0
0,1,1,3,1,0,100,58224,0,0
0,1,1,3,0,0,100,58705,0,0
0,0,0,3,0,0,101,58294,0,0
0,0,1,3,2,0,100,58354,0,0
1,1,1,2,1,0,101,58688,0,0
1,0,1,3,1,1,99,58646,0,0
0,0,0,3,1,2,99,58821,0,0
2,0,1,2,2,0,101,58715,0,0
0,2,1,3,2,1,100,58833,0,0
0,1,1,3,1,0,101,58680,0,0
1,0,1,3,3,0,100,58712,0,0
1,0,1,3,2,0,99,59209,0,0
0,0,0,3,1,0,99,58734,0,0
0,0,1,3,1,0,100,58383,0,0
1,0,0,3,0,0,101,58869,0,0
0,0,2,3,1,1,101,58628,0,0
1,0,0,3,0,2,100,58511,0,0
0,3,1,3,3,0,101,58660,0,0
0,0,0,3,1,0,100,58357,0,0
1,0,1,3,1,0,100,58607,0,0
1,0,0,3,1,0,100,58680,0,0
1,0,1,5,1,0,101,58624,0,0
2,0,1,2,1,0,98,58512,0,0
1,1,1,3,2,1,100,59046,0,0
1,2,1,3,1,0,100,58299,0,0
0,0,0,3,1,1,100,58482,0,0
0,0,1,3,1,0,101,58755,0,0
1,0,1,3,0,0,100,58562,0,0
1,0,1,3,1,0,101,58536,0,0
0,0,1,3,0,0,100,58370,0,0
0,0,0,3,1,0,100,58609,0,0
0,0,1,3,1,1,100,58473,0,0
0,1,1,3,1,0,100,58253,0,0
0,0,0,3,0,0,101,58374,0,0
1,1,0,3,1,0,101,58764,0,0
0,1,1,3,1,0,102,58751,0,0
0,0,2,3,0,0,101,58784,0,0
0,0,1,3,1,0,100,58268,0,0
0,0,1,3,1,0,101,58395,0,0
1,0,1,4,1,0,100,58498,0,0
0,0,0,3,1,1,100,58819,0,0
0,0,1,2,1,0,101,58355,0,0
0,0,1,3,1,0,101,58617,0,0
0,0,1,3,1,0,100,58540,0,0
0,0,0,3,1,0,100,58570,0,0
0,0,0,2,1,0,100,58233,0,0
0,0,1,3,2,0,100,58590,0,0
0,0,1,3,1,0,101,58162,0,0
0,0,3,3,1,2,100,58165,0,0
0,1,0,3,0,0,101,58250,0,0
0,0,1,3,0,1,101,58490,0,0
0,1,1,3,1,0,101,58308,0,0
0,0,0,3,0,1,102,58655,0,0
2,1,1,4,1,0,100,58394,0,0
0,0,1,3,0,0,101,58290,0,0
0,0,1,3,0,0,101,58389,0,0
1,0,1,3,1,0,100,58235,0,0
0,0,1,5,0,0,101,58164,0,0
1,2,0,3,1,0,100,58132,0,0
1,1,0,2,1,1,100,58290,0,0
2,0,3,3,1,0,100,58579,0,0
1,1,1,4,1,0,101,58410,0,0
1,0,1,3,1,0,101,58357,0,0
0,1,1,3,0,1,101,58508,0,0
0,2,1,3,1,0,100,58054,0,0
0,1,0,3,0,2,101,58329,0,0
0,0,2,3,0,0,101,58287,0,0
1,0,1,2,0,1,101,58247,0,0
0,0,2,3,1,1,101,58260,0,0
1,0,2,3,1,0,100,57933,0,0
1,0,1,2,1,1,101,58854,0,0
0,0,1,2,0,0,101,58218,0,0
0,0,1,3,0,0,101,58281,0,0
1,0,1,4,1,0,100,58472,0,0
0,1,0,3,1,0,101,58467,0,0
0,0,0,3,1,0,101,58782,0,0
1,0,1,3,1,0,101,58338,0,0
1,0,1,3,2,0,100,58650,0,0
2,0,1,4,0,0,100,58702,0,0
1,1,0,3,2,0,100,58263,0,0
0,0,1,4,0,0,100,58316,0,0
0,0,1,4,1,0,101,58916,0,0
1,0,1,4,0,0,100,58331,0,0
0,0,1,3,1,0,101,58563,0,0
1,0,1,3,1,0,100,58533,0,0
1,1,1,3,2,0,100,58872,0,0
0,0,2,3,0,0,101,58628,0,0
1,2,0,3,1,0,100,58419,0,0
0,1,3,3,1,0,101,58434,0,0
0,0,1,3,0,0,101,59059,0,0
0,0,1,3,1,0,99,58516,0,0
0,0,2,3,0,0,101,58477,0,0
0,0,1,5,0,0,101,58762,0,0
0,2,1,3,0,1,100,58548,0,0
0,0,0,3,1,0,101,58529,0,0
0,0,1,3,1,0,100,58450,0,0
1,1,1,3,2,0,101,58669,0,0
1,0,1,4,0,0,101,58302,0,0
1,0,2,3,0,2,100,58700,0,0
0,0,2,3,0,0,102,58456,0,0
1,0,1,3,1,0,100,58230,0,0
0,0,1,3,0,0,101,58971,0,0
1,0,0,3,0,1,101,59088,0,0
0,0,1,4,0,1,100,58752,0,0
1,1,1,3,2,0,99,58498,0,0
2,1,1,4,1,0,101,58655,0,0
1,1,3,3,1,1,100,58364,0,0
1,2,1,3,2,1,100,58346,0,0
1,0,2,3,1,0,100,58540,0,0
1,1,1,3,1,1,100,58274,0,0
0,0,1,4,1,0,101,58559,0,0
1,0,1,3,4,0,100,58717,0,0
2,0,1,2,1,0,100,58396,0,0
0,1,1,4,0,0,101,58492,0,0
2,1,1,6,1,0,100,58450,0,0
2,0,0,4,1,0,101,58385,0,0
0,1,1,3,2,0,101,58333,0,0
0,0,1,3,0,0,101,58310,0,0
0,0,0,3,0,1,101,58246,0,0
1,0,1,3,1,0,101,58571,0,0
0,0,1,4,0,0,101,58902,0,0
0,0,2,2,1,0,101,59101,0,0
1,0,1,4,0,0,102,58478,0,0
0,0,1,2,1,0,100,58680,0,0
1,0,0,3,1,0,101,58376,0,0
0,1,2,3,1,1,100,58167,0,0
1,0,2,3,1,0,101,58367,0,0
0,2,1,3,0,0,101,58580,0,0
0,0,1,3,1,0,100,58860,0,0
0,0,1,3,1,0,101,58716,0,0
0,0,2,2,1,0,101,58268,0,0
1,1,1,3,1,0,101,58582,0,0
1,0,1,3,1,0,101,58923,0,0
1,0,1,3,1,0,100,58458,0,0
0,0,0,3,0,1,101,58383,0,0
0,0,0,3,0,0,101,58222,0,0
0,0,2,3,2,0,100,58209,0,0
0,0,2,2,1,1,101,58369,0,0
0,0,1,3,0,0,101,58269,0,0
1,0,0,3,0,0,100,58193,0,0
0,0,0,3,1,0,100,58325,0,0
1,0,1,3,1,1,100,58413,0,0
1,0,1,3,1,0,100,58412,0,0
0,0,1,3,0,0,101,58387,0,0
1,0,1,3,1,1,100,58269,0,0
0,1,1,3,0,0,101,58659,0,0
1,1,2,2,1,0,101,58711,0,0
1,0,1,3,1,0,101,58324,0,0
0,2,2,3,0,1,101,58544,0,0
1,0,3,3,1,0,99,58373,0,0
0,0,1,3,2,0,100,58593,0,0
0,0,2,3,0,0,101,58723,0,0
0,0,1,3,0,1,102,58685,0,0
2,0,1,3,1,0,99,58528,0,0
1,0,2,3,0,0,100,58401,0,0
0,0,0,4,1,0,102,58704,0,0
0,0,2,2,1,0,102,58543,0,0
0,1,1,3,0,0,100,58971,0,0
1,0,0,3,1,2,101,58347,0,0
1,0,0,3,2,0,101,58526,0,0
0,0,2,3,0,0,100,58257,0,0
0,1,1,3,1,0,101,58311,0,0
0,0,1,2,0,0,101,58244,0,0
1,0,1,3,1,0,101,58323,0,0
1,0,1,4,0,0,100,58232,0,0
0,0,1,3,1,0,101,58693,0,0
0,0,1,3,0,0,101,58710,0,0
1,0,2,3,1,1,100,58365,0,0
0,1,1,2,1,1,101,58411,0,0
0,1,2,3,2,0,101,58810,0,0
0,1,1,2,1,1,101,58626,0,0
1,0,1,3,1,0,100,58800,0,0
1,0,1,3,1,0,100,58298,0,0
1,0,1,3,2,0,100,58801,0,0
0,0,1,4,0,0,101,58085,0,0
2,0,1,3,1,0,101,58086,0,0
0,0,2,3,0,1,101,58183,0,0
0,1,2,2,1,1,100,58232,0,0
1,1,1,3,0,0,101,58661,0,0
0,1,1,3,1,0,99,58407,0,0
0,0,0,3,1,1,100,58582,0,0
1,0,1,1,1,0,102,58591,0,0
0,1,0,3,1,0,99,58263,0,0
0,0,1,3,1,0,100,58738,0,0
2,1,1,3,1,1,101,58577,0,0
0,0,1,3,1,0,100,58361,0,0
0,1,1,3,1,1,100,58334,0,0
2,0,1,3,0,0,100,58427,0,0
0,1,1,3,1,0,101,58105,0,0
1,1,1,3,2,1,100,58243,0,0
1,0,0,4,1,0,101,58632,0,0
1,1,1,3,1,0,100,58937,0,0
0,0,1,2,1,0,100,58502,0,0
2,0,1,3,1,0,101,58312,0,0
0,0,0,2,1,0,102,58267,0,0
0,1,2,2,0,0,102,58807,0,0
2,1,1,1,0,0,100,58251,0,0
1,0,1,5,1,0,101,58613,0,0
2,1,1,2,1,0,102,58594,0,0
0,1,1,2,1,0,100,58330,0,0
0,1,1,3,1,0,101,58401,0,0
0,0,1,3,1,0,101,58466,0,0
1,0,0,3,1,0,101,58460,0,0
3,0,1,2,1,0,102,58394,0,0
2,1,1,3,1,0,100,58431,0,0
1,0,1,4,1,0,102,58531,0,0
1,0,1,4,1,0,101,58585,0,0
1,0,1,3,0,0,100,58791,0,0
1,0,2,3,1,0,101,58264,0,0
0,1,0,3,1,0,99,58487,0,0
0,0,2,3,2,0,101,58293,0,0
1,0,1,3,0,0,100,59041,0,0
1,0,1,5,1,0,100,59052,0,0
1,0,0,3,1,1,100,58228,0,0
1,0,1,3,1,0,100,58698,0,0
0,1,1,4,1,0,102,58597,0,0
1,0,2,3,1,0,101,58230,0,0
1,0,1,3,1,0,99,58648,0,0
1,1,1,2,0,0,100,58979,0,0
1,0,1,3,2,0,100,58439,0,0
1,0,1,3,0,0,101,58240,0,0
0,0,2,3,1,0,101,58617,0,0
0,1,2,3,0,0,101,58263,0,0
1,0,1,3,0,0,101,58369,0,0
1,0,0,3,1,0,101,58283,0,0
0,0,1,3,1,0,100,58322,0,0
1,0,1,3,0,1,100,58445,0,0
0,0,1,3,1,1,100,58249,0,0
1,0,1,3,1,1,100,58234,0,0
0,0,1,3,0,0,101,58825,0,0
0,0,1,3,1,0,100,58385,0,0
2,0,1,3,1,0,100,58062,0,0
1,0,1,3,1,0,101,58597,0,0
1,0,1,3,1,0,100,58199,0,0
0,1,2,3,0,1,101,58775,0,0
1,1,1,3,1,0,100,58445,0,0
1,0,2,3,1,0,101,58334,0,0
1,0,1,3,1,0,100,58344,0,0
0,0,2,3,0,2,101,58468,0,0
0,0,2,3,0,0,100,58275,0,0
0,0,1,3,1,0,100,58300,0,0
0,0,1,3,0,0,101,58453,0,0
0,0,1,3,0,0,100,58480,0,0
0,0,1,2,1,0,101,58281,0,0
0,1,1,3,0,1,100,58438,0,0
1,0,1,3,1,0,101,58585,0,0
1,0,1,3,2,1,100,58636,0,0
1,0,1,3,0,0,100,58288,0,0
0,0,1,2,0,0,100,58992,0,0
0,0,0,3,1,1,100,58317,0,0
0,0,2,1,0,0,101,58729,0,0
0,0,1,4,1,3,100,58525,0,0
0,0,1,3,1,0,101,59350,0,0
1,1,1,3,2,0,100,58007,0,0
0,2,2,1,1,0,101,58195,0,0
2,0,1,4,1,0,101,58592,0,0
1,0,1,3,1,0,100,58946,0,0
0,0,2,3,0,0,100,58424,0,0
1,0,2,3,2,0,101,58657,0,0
0,2,2,3,1,0,101,58493,0,0
0,0,2,2,1,0,100,58778,0,0
0,0,1,3,0,0,101,58832,0,0
1,1,1,3,1,0,100,58733,0,0
1,0,0,3,0,0,100,59166,0,0
0,1,1,3,1,0,101,58390,0,0
1,0,1,3,1,1,100,58326,0,0
0,0,1,3,1,1,101,58835,0,0
1,1,1,3,1,0,100,58592,0,0
0,0,2,4,0,0,101,58509,0,0
1,0,1,3,1,0,101,58219,0,0
1,0,0,3,1,0,101,58369,0,0
1,0,0,2,1,0,101,58501,0,0
2,0,1,3,0,0,101,58568,0,0
0,0,1,2,1,0,100,58265,0,0
1,0,1,3,1,0,100,58699,0,0
0,0,2,3,1,0,101,58974,0,0
2,0,1,2,1,0,100,58182,0,0
1,0,1,3,1,0,101,58331,0,0
0,0,1,4,1,1,101,58255,0,0
1,0,1,3,1,0,101,58390,0,0
1,0,1,3,0,0,99,58985,0,0
0,0,2,3,2,0,100,58171,0,0
1,0,0,3,2,0,100,58597,0,0
0,0,3,3,0,0,101,58353,0,0
1,1,1,3,1,1,100,58466,0,0
0,0,0,3,1,0,101,58843,0,0
0,0,2,3,1,0,101,58343,0,0
0,0,1,3,1,0,101,58249,0,0
1,0,1,3,1,0,101,58186,0,0
0,1,1,3,0,0,101,58572,0,0
1,0,1,3,1,2,100,58565,0,0
0,0,1,3,0,0,101,58241,0,0
1,0,1,3,1,1,100,58746,0,0
0,0,1,4,0,0,101,58741,0,0
0,0,1,2,0,0,100,58641,0,0
1,0,1,3,1,0,100,58710,0,0
0,0,1,3,1,0,101,58369,0,0
0,0,0,3,1,0,100,58609,0,0
0,0,1,3,0,1,101,58480,0,0
3,0,1,3,1,0,101,58343,0,0
0,0,1,3,1,0,100,58422,0,0
0,0,1,3,1,0,101,57901,0,0
0,0,0,3,0,0,101,58221,0,0
0,0,1,3,1,0,101,58344,0,0
1,1,1,3,2,0,100,58586,0,0
0,0,1,2,1,0,100,58540,0,0
0,0,0,4,0,1,100,58864,0,0
0,1,0,3,1,0,100,58425,0,0
1,0,1,3,1,0,100,58395,0,0
1,0,1,2,2,0,100,59097,0,0
2,0,2,3,1,0,100,58291,0,0
1,0,2,3,1,0,101,58393,0,0
2,0,1,3,2,0,99,58538,0,0
1,0,1,3,0,0,100,58484,0,0
0,0,1,3,2,0,101,58958,0,0
1,0,3,3,1,0,100,58281,0,0
0,0,2,2,1,0,100,58332,0,0
0,0,2,3,1,0,100,58134,0,0
0,0,2,3,1,0,101,59012,0,0
0,0,2,3,1,0,101,58528,0,0
0,0,2,2,0,0,101,58311,0,0
0,1,2,2,0,0,102,58395,0,0
0,0,1,3,0,0,101,58555,0,0
1,1,1,3,1,0,101,58616,0,0
0,1,2,3,1,0,101,58504,0,0
1,0,1,3,1,0,100,58215,0,0
1,0,1,3,2,0,100,58476,0,0
0,0,2,4,1,0,100,58521,0,0
0,1,1,3,1,0,101,58445,0,0
1,1,1,3,1,0,100,58277,0,0
0,0,1,4,0,0,101,58752,0,0
0,0,2,3,0,0,101,58044,0,0
1,0,1,3,1,0,100,58701,0,0
1,0,1,3,2,0,100,58401,0,0
0,0,2,2,0,1,101,58710,0,0
0,0,1,3,0,1,101,58308,0,0
0,0,1,2,1,0,101,58184,0,0
0,0,2,2,1,0,101,58273,0,0
1,0,1,3,0,0,101,58322,0,0
0,0,1,3,1,0,101,58451,0,0
0,0,2,3,0,0,101,58272,0,0
2,0,1,3,1,0,102,58485,0,0
0,0,2,3,1,0,100,58349,0,0
0,1,1,3,0,1,101,58452,0,0
2,0,1,4,1,1,100,58348,0,0
1,0,2,3,0,0,100,58701,0,0
1,0,1,3,1,1,100,58077,0,0
0,0,2,3,0,1,101,58911,0,0
1,0,3,3,1,0,100,58605,0,0
2,0,1,3,0,0,101,58550,0,0
0,1,2,3,1,0,101,58496,0,0
0,1,1,1,2,1,101,58928,0,0
1,1,1,3,1,1,100,58324,0,0
0,1,1,2,1,0,101,59044,0,0
1,0,3,2,0,0,100,58461,0,0
0,0,2,3,1,0,101,58225,0,0
0,0,2,3,0,1,101,58349,0,0
1,0,2,3,0,0,100,58258,0,0
0,0,1,3,1,0,101,58442,0,0
1,0,2,3,1,2,101,58368,0,0
0,0,1,3,1,0,101,58614,0,0
0,0,2,3,0,0,101,58806,0,0
0,0,1,3,1,0,100,58272,0,0
0,0,1,3,1,0,101,58386,0,0
0,0,0,3,1,0,100,58275,0,0
0,0,2,3,0,0,100,58358,0,0
1,0,0,3,1,1,100,58323,0,0
1,0,1,3,1,0,100,58497,0,0
0,0,1,3,0,0,101,59001,0,0
0,0,2,3,1,0,101,58547,0,0
0,0,1,5,1,0,102,58502,0,0
0,0,0,2,0,0,101,58254,0,0
1,1,1,4,1,0,102,58604,0,0
1,0,2,3,1,0,100,58548,0,0
0,3,1,3,0,1,100,58846,0,0
0,1,1,3,1,0,100,58605,0,0
0,0,1,2,1,0,99,58483,0,0
0,0,1,2,1,0,101,58830,0,0
0,0,0,3,0,0,100,58560,0,0
1,0,1,3,1,0,101,58114,0,0
1,1,1,3,2,0,100,59238,0,0
0,0,1,2,2,0,101,58391,0,0
0,0,1,5,1,0,101,58356,0,0
0,0,1,4,0,0,101,59032,0,0
1,0,1,3,2,0,100,58980,0,0
0,0,2,3,0,1,100,59057,0,0
0,0,3,3,0,0,100,58290,0,0
0,0,2,2,1,1,100,58566,0,0
0,0,2,2,0,0,101,58589,0,0
0,0,1,3,0,0,101,58297,0,0
0,0,2,4,0,1,100,58638,0,0
1,0,1,3,2,0,100,58814,0,0
1,1,0,3,2,0,100,58262,0,0
0,0,2,3,0,0,100,58229,0,0
0,0,2,2,0,0,101,58477,0,0
0,1,1,3,1,0,100,58680,0,0
1,3,1,3,0,1,100,58732,0,0
0,0,0,3,1,0,101,58319,0,0
1,0,1,3,2,0,100,59155,0,0
0,1,2,3,1,0,100,58213,0,0
0,0,2,3,1,1,100,58781,0,0
0,2,1,3,1,0,101,58580,0,0
0,0,0,3,1,1,100,58654,0,0
0,0,2,3,0,0,101,58721,0,0
1,1,1,2,1,1,101,58384,0,0
0,0,2,2,1,0,100,58442,0,0
1,0,1,3,1,1,101,59017,0,0
1,0,2,3,0,0,100,58192,0,0
0,1,1,3,0,0,100,58056,0,0
1,0,2,3,1,0,100,58451,0,0
0,1,1,2,1,0,101,58500,0,0
0,0,1,3,0,0,101,58709,0,0
1,1,1,3,2,0,100,58659,0,0
0,1,1,3,1,0,100,58533,0,0
1,0,1,3,1,0,101,58452,0,0
1,1,1,3,1,1,100,58286,0,0
1,0,1,3,1,0,101,58350,0,0
0,0,2,1,1,0,101,59065,0,0
1,0,1,3,1,0,100,58211,0,0
2,0,1,2,1,0,101,58275,0,0
1,0,1,3,1,0,100,58729,0,0
0,0,2,2,1,0,100,58541,0,0
0,0,2,3,1,0,101,58311,0,0
1,0,1,3,1,0,100,58383,0,0
1,1,1,3,1,1,101,58195,0,0
0,0,2,2,0,0,101,58472,0,0
0,0,3,3,0,0,100,58353,0,0
0,0,1,1,1,0,102,58266,0,0
0,0,0,3,0,1,100,58354,0,0
1,2,1,3,0,1,100,58660,0,0
1,1,1,4,1,1,100,58393,0,0
0,2,1,3,0,0,100,58486,0,0
0,0,1,2,1,0,99,58650,0,0
1,0,0,3,1,0,100,58529,0,0
2,0,2,3,1,0,101,58656,0,0
0,0,1,4,1,0,101,58409,0,0
0,1,2,3,1,0,100,58573,0,0
0,0,1,3,1,0,101,58308,0,0
0,0,1,3,0,0,101,58526,0,0
0,0,1,2,0,0,100,58336,0,0
0,0,2,3,1,0,101,59151,0,0
0,0,1,3,0,0,101,58369,0,0
1,0,2,2,1,0,101,58660,0,0
0,0,2,3,1,0,101,58696,0,0
0,0,2,3,0,0,101,58752,0,0
0,0,2,3,1,0,100,57858,0,0
0,0,1,3,1,0,101,58365,0,0
1,0,2,3,1,0,100,59072,0,0
0,0,2,4,0,0,101,58345,0,0
0,0,2,3,2,0,101,58658,0,0
0,1,0,3,0,0,99,58188,0,0
0,0,3,3,0,0,101,58269,0,0
0,0,2,3,2,0,100,58696,0,0
0,0,2,3,1,0,101,58320,0,0
2,0,0,3,1,0,100,58728,0,0
1,0,1,2,1,0,101,59249,0,0
2,0,1,3,1,0,102,58428,0,0
0,1,2,2,1,0,99,58525,0,0
0,0,2,2,0,0,101,58720,0,0
0,0,1,4,1,0,100,58835,0,0
0,0,2,4,0,0,101,58664,0,0
0,0,2,4,1,0,102,58264,0,0
0,1,1,3,0,0,101,58772,0,0
0,0,2,3,2,0,101,58872,0,0
1,1,1,2,3,0,100,58169,0,0
1,0,2,4,0,0,100,58363,0,0
0,0,0,3,1,0,101,58243,0,0
0,0,1,3,0,0,100,58320,0,0
1,0,1,2,1,0,101,58659,0,0
1,0,1,3,1,0,100,58458,0,0
1,0,1,3,1,1,100,58550,0,0
0,0,2,3,1,0,100,58068,0,0
1,0,0,3,1,2,100,58341,0,0
1,0,2,3,2,0,101,59354,0,0
3,0,0,3,1,0,101,58375,0,0
0,0,2,3,1,1,100,59019,0,0
0,0,1,3,1,0,99,58473,0,0
2,0,1,4,1,0,100,58832,0,0
1,0,0,3,1,0,101,58268,0,0
1,0,1,3,1,0,100,59053,0,0
1,1,1,3,0,1,100,58356,0,0
1,0,2,3,1,0,101,58230,0,0
0,0,1,2,1,0,101,58260,0,0
2,0,1,4,1,0,99,58222,0,0
1,0,2,3,0,0,100,58593,0,0
0,0,2,3,0,0,101,58379,0,0
0,0,2,3,0,0,101,58395,0,0
0,0,1,3,1,0,101,58226,0,0
1,0,1,3,1,0,101,58322,0,0
1,0,1,4,0,1,100,58325,0,0
1,0,1,3,1,0,100,58205,0,0
0,0,1,3,1,0,100,58294,0,0
1,1,2,3,1,0,100,58494,0,0
0,0,1,2,1,0,99,58180,0,0
0,1,1,3,0,1,100,58395,0,0
0,0,1,3,0,0,101,58464,0,0
1,0,1,3,0,0,101,58812,0,0
0,1,1,3,0,1,101,58852,0,0
0,0,1,3,1,0,101,58273,0,0
0,0,2,3,1,1,101,58500,0,0
1,0,1,4,1,0,100,58484,0,0
0,0,2,3,1,0,100,58591,0,0
0,1,1,3,1,0,100,58502,0,0
0,0,1,3,0,1,100,58422,0,0
1,0,1,3,1,1,101,58337,0,0
0,1,3,3,0,0,101,58372,0,0
1,0,1,3,1,1,100,58474,0,0
0,0,3,3,1,1,103,59370,0,0
1,0,1,3,1,0,93,58642,0,0
1,1,1,3,0,1,93,58439,0,0
1,0,0,3,2,2,94,57970,0,0
1,0,3,4,1,0,97,58443,0,0
0,1,1,3,0,0,98,59168,0,0
0,0,1,2,1,0,101,58534,0,0
0,0,1,1,2,0,100,58619,0,0
0,1,2,2,0,0,100,58495,0,0
0,0,2,3,1,0,94,58291,0,0
0,0,1,3,0,0,94,58356,0,0
0,0,0,2,0,0,96,58846,0,0
0,0,1,2,0,1,97,58621,0,0
0,0,1,2,0,1,100,59406,0,0
0,0,0,3,0,0,99,58804,0,0
0,0,1,2,1,0,101,58353,0,0
0,0,0,2,1,1,100,58321,0,0
0,0,0,3,0,0,100,58213,0,0
0,0,1,3,0,0,100,58659,0,0
1,0,1,2,0,0,100,58393,0,0
0,0,0,2,1,1,99,58937,0,0
0,0,1,3,0,1,99,58243,0,0
0,0,0,3,0,0,100,58367,0,0
0,0,1,2,0,0,100,58400,0,0
1,0,0,2,1,1,100,58583,0,0
0,0,0,2,0,1,100,58252,0,0
0,0,0,2,0,0,100,59554,0,0
0,0,1,3,0,1,99,58494,0,0
0,0,1,3,0,1,101,58748,0,0
1,0,0,2,0,0,99,58883,0,0
1,0,0,3,0,0,100,58700,0,0
0,0,1,2,2,0,100,58600,0,0
0,0,0,3,0,0,102,58800,0,0
0,0,0,4,0,0,101,58636,0,0
0,0,0,3,0,0,100,58518,0,0
0,0,2,3,0,2,100,58317,0,0
1,0,0,3,0,0,100,58446,0,0
0,0,1,2,0,0,102,58224,0,0
1,0,0,4,0,0,100,59072,0,0
0,0,1,2,0,0,100,58093,0,0
0,0,2,3,0,0,100,58806,0,0
0,0,0,3,0,0,100,58929,0,0
1,0,1,3,1,1,101,58534,0,0
0,0,1,4,1,1,99,58450,0,0
0,0,0,2,0,1,100,58856,0,0
0,0,1,2,0,0,101,58965,0,0
1,0,1,4,1,0,100,58355,0,0
0,0,1,2,0,3,100,58256,0,0
0,0,1,4,1,0,101,58507,0,0
1,0,0,2,0,1,100,58484,0,0
0,0,0,2,1,0,100,58608,0,0
1,0,2,2,1,0,98,58246,0,0
0,0,0,2,0,2,100,58822,0,0
0,0,1,2,0,1,100,58535,0,0
0,0,1,3,0,0,100,58630,0,0
0,0,1,2,0,0,100,58629,0,0
0,0,1,3,0,0,100,58565,0,0
1,0,3,3,0,0,101,58208,0,0
4,0,5,2,0,1,101,58360,0,0
6,0,5,2,0,0,100,58187,0,0
5,0,8,2,2,0,100,58439,0,0
5,0,9,3,1,0,100,58865,0,0
6,0,10,3,1,0,100,58109,0,0
6,0,10,3,1,0,100,58514,0,0
6,0,11,2,1,0,100,58446,0,0
6,0,9,3,1,0,101,58502,0,0
7,0,11,3,1,0,100,58541,0,0
7,0,12,3,1,0,100,59198,0,0
7,0,11,2,2,0,101,58431,0,0
7,0,9,2,1,0,100,58489,0,0
7,0,12,3,1,0,100,58606,0,0
8,0,9,3,2,1,100,58317,0,0
6,0,10,2,2,1,100,58363,0,0
8,0,11,1,2,1,100,58220,0,0
7,0,10,3,2,0,100,58197,0,0
7,0,11,2,2,1,101,58667,0,0
7,0,12,2,2,0,101,58756,0,0
7,0,9,3,1,0,102,58374,0,0
7,0,13,3,0,0,101,58790,0,0
8,0,10,3,3,0,101,58340,0,0
8,0,12,3,1,0,101,58745,0,0
7,0,13,3,3,0,101,58331,0,0
8,0,12,3,4,0,100,58522,0,0
9,0,11,5,1,0,100,58444,0,0
7,0,12,1,1,0,100,58508,0,0
9,0,12,1,1,0,101,58343,0,0
9,0,11,3,1,0,101,58932,0,0
8,0,12,2,1,0,100,58080,0,0
9,0,12,4,1,0,101,58836,0,0
6,0,12,3,3,0,101,58289,0,0
9,2,10,5,2,1,100,59078,0,0
10,0,11,3,1,0,103,58208,0,0
9,0,13,2,2,0,103,58473,0,0
6,0,11,2,2,0,100,58432,0,0
9,0,13,3,3,0,100,58385,0,0
8,0,11,3,3,0,101,58332,0,0
8,0,12,3,1,0,101,58910,0,0
8,0,13,2,3,0,101,58466,0,0
10,0,12,2,2,0,101,58610,0,0
8,0,13,3,1,1,100,58870,0,0
9,0,12,3,2,0,102,58238,0,0
8,0,12,2,2,0,101,58292,0,0
8,0,11,3,2,1,101,58280,0,0
8,0,12,4,2,1,101,58398,0,0
9,0,13,2,2,0,101,58731,0,0
9,0,14,2,1,1,101,58489,0,0
8,0,11,4,1,0,101,58991,0,0
8,0,13,3,2,0,101,59048,0,0
7,0,13,2,2,1,101,58457,0,0
7,0,12,1,2,1,101,58403,0,0
8,0,15,2,1,0,101,58240,0,0
10,0,11,3,1,0,102,58588,0,0
9,0,10,2,2,0,100,59861,0,0
8,0,14,0,2,1,101,58408,0,0
9,0,13,3,0,0,101,58885,0,0
8,0,13,3,1,1,101,58980,0,0
8,0,11,2,0,0,100,58529,0,0
8,0,13,2,2,2,100,58366,0,0
9,0,13,3,2,0,101,58275,0,0
9,0,14,3,3,1,101,58432,0,0
9,1,12,1,3,0,102,58572,0,0
11,1,14,1,2,1,101,58316,0,0
7,0,12,3,1,0,101,58880,0,0
8,0,12,2,2,1,101,58661,0,0
8,0,14,2,3,0,101,58542,0,0
9,0,13,5,2,0,102,58560,0,0
8,0,12,1,2,0,101,58795,0,0
10,0,12,2,1,0,101,57993,0,0
9,0,14,4,1,0,101,58698,0,0
8,7,13,3,3,1,100,58660,0,0
10,0,12,4,2,1,101,58873,0,0
9,0,12,3,3,0,101,58630,0,0
9,0,13,3,2,0,101,59043,0,0
9,0,13,2,2,1,100,58362,0,0
10,0,13,4,2,1,101,58864,0,0
10,0,12,2,2,0,101,58106,0,0
10,0,14,2,0,0,102,58676,0,0
9,0,12,3,3,0,100,58842,0,0
10,0,14,3,1,0,101,58529,0,0
8,0,12,2,1,0,101,58532,0,0
9,0,13,4,2,0,101,58264,0,0
10,1,14,3,1,0,101,58612,0,0
9,0,13,2,1,1,101,58715,0,0
8,0,13,3,3,0,102,58607,0,0
11,0,13,3,2,0,102,58395,0,0
9,0,12,2,3,1,101,58808,0,0
11,0,13,3,2,1,101,58161,0,0
9,0,12,3,2,0,101,58660,0,0
10,0,13,2,2,1,102,58427,0,0
10,0,12,3,2,0,101,58395,0,0
10,0,11,3,2,0,101,58531,0,0
9,0,14,3,1,0,101,58571,0,0
8,0,12,0,2,0,101,58675,0,0
9,0,13,3,2,0,101,58260,0,0
9,0,12,2,2,1,101,58104,0,0
8,0,13,3,2,0,101,58270,0,0
9,0,14,3,2,0,101,58244,0,0
10,0,13,2,2,0,101,58541,0,0
11,0,14,4,2,0,101,58246,0,0
9,0,12,2,1,1,101,58760,0,0
10,0,14,2,1,3,102,58735,0,0
8,0,13,2,1,0,102,58426,0,0
10,0,15,3,2,0,102,58332,0,0
10,1,13,3,2,0,102,58803,0,0
9,0,12,3,2,2,101,58378,0,0
9,0,12,3,2,0,101,58267,0,0
8,0,12,4,1,1,100,58987,0,0
10,0,14,3,3,1,101,58748,0,0
9,0,13,2,1,1,103,59494,0,0
9,0,13,5,2,0,100,58301,0,0
10,0,13,3,3,0,101,58754,0,0
9,0,13,3,3,0,101,58528,0,0
10,0,12,1,2,0,102,58506,0,0
10,0,14,2,2,0,102,58257,0,0
11,1,13,3,3,0,101,58512,0,0
8,0,12,2,1,0,103,58676,0,0
10,0,12,2,2,1,101,58256,0,0
8,0,12,2,2,0,102,58238,0,0
9,0,14,2,1,1,102,58521,0,0
9,0,13,3,2,0,101,58281,0,0
11,0,13,2,2,0,102,58239,0,0
9,0,14,3,2,0,101,58534,0,0
10,0,12,3,2,1,101,58992,0,0
8,0,14,2,2,1,101,58564,0,0
10,0,12,2,2,1,101,58714,0,0
9,0,13,3,1,0,101,58364,0,0
8,0,11,3,2,0,101,58314,0,0
10,0,13,2,2,0,101,58352,0,0
9,0,12,3,2,1,102,58231,0,0
9,0,13,2,2,0,102,58420,0,0
8,0,14,2,2,1,100,58488,0,0
9,0,12,3,3,0,102,58871,0,0
9,0,12,3,1,1,102,58273,0,0
10,0,13,2,1,0,102,58634,0,0
9,0,13,3,1,0,101,58218,0,0
9,0,13,4,1,0,101,58235,0,0
8,0,15,2,1,0,102,58300,0,0
9,1,13,4,1,2,102,58747,0,0
11,0,15,3,2,1,102,58980,0,0
9,0,13,2,3,3,101,58818,0,0
11,0,15,2,2,0,101,58487,0,0
10,0,14,3,1,0,103,59028,0,0
10,0,12,2,0,0,101,58536,0,0
6,0,15,3,1,0,101,58681,0,0
10,0,13,3,1,0,102,58306,0,0
8,0,15,2,0,0,102,58195,0,0
8,0,13,3,1,0,101,59131,0,0
8,0,12,2,2,0,101,58268,0,0
10,0,14,2,2,1,102,58846,0,0
10,0,15,3,1,0,102,58367,0,0
10,0,12,3,1,0,102,58704,0,0
9,0,14,4,2,0,102,58293,0,0
8,0,14,1,2,1,101,58748,0,0
9,0,12,4,0,0,101,58640,0,0
10,0,15,2,2,1,103,58413,0,0
11,0,12,3,2,0,104,58499,0,0
8,0,12,3,3,0,102,58838,0,0
9,0,14,2,1,1,102,59283,0,0
9,0,13,2,3,0,102,58412,0,0
9,0,14,2,3,1,101,58797,0,0
7,0,13,3,2,0,101,58412,0,0
8,0,11,1,2,0,102,58609,0,0
9,0,12,2,3,1,102,58884,0,0
9,0,13,2,2,0,101,58725,0,0
10,0,13,3,2,0,101,58401,0,0
9,0,14,1,2,0,103,58215,0,0
9,0,13,2,2,0,102,58336,0,0
9,0,13,2,2,1,102,58924,0,0
10,0,13,4,2,0,103,58632,0,0
8,0,13,3,1,1,102,58584,0,0
10,0,13,3,2,0,102,58452,0,0
10,0,13,3,2,0,102,58750,0,0
9,0,13,3,2,1,102,58649,0,0
10,0,14,3,2,0,102,58471,0,0
10,0,12,3,1,0,102,58286,0,0
8,0,13,2,2,0,101,58827,0,0
10,0,12,2,1,0,103,59163,0,0
9,0,12,3,3,0,102,58753,0,0
9,0,14,2,0,0,101,58063,0,0
10,0,12,3,2,0,102,58454,0,0
8,0,14,3,2,0,101,58346,0,0
8,0,13,1,2,1,101,58642,0,0
9,0,14,3,2,1,102,58468,0,0
10,0,13,2,1,0,102,58645,0,0
9,0,13,3,1,1,102,59003,0,0
9,0,12,3,2,0,102,58952,0,0
10,0,13,4,1,0,101,58504,0,0
9,0,12,3,2,0,102,58105,0,0
9,0,13,3,2,0,102,58253,0,0
8,0,13,2,1,0,102,58269,0,0
8,0,14,4,2,0,103,58420,0,0
9,1,14,3,2,1,102,58460,0,0
9,7,13,1,4,0,103,58321,0,0
10,0,13,2,2,0,102,59339,0,0
9,0,13,1,2,0,102,58697,0,0
10,0,15,3,2,0,102,58411,0,0
10,0,14,2,1,1,102,58631,0,0
10,0,13,2,2,0,102,58157,0,0
9,0,14,3,1,0,102,58280,0,0
9,0,12,2,2,0,102,58719,0,0
11,0,13,3,1,0,103,58536,0,0
9,0,12,4,2,0,102,58491,0,0
10,0,13,4,2,0,102,58395,0,0
10,0,14,3,1,0,102,58337,0,0
10,0,14,4,1,0,102,58295,0,0
10,0,13,3,2,1,102,58203,0,0
8,0,14,3,2,0,102,58573,0,0
10,0,13,3,1,0,101,58273,0,0
8,0,13,2,1,1,102,58679,0,0
10,0,13,3,2,0,101,58300,0,0
10,0,11,2,3,1,103,58351,0,0
9,0,15,2,2,0,102,58706,0,0
10,0,13,3,3,0,101,58562,0,0
10,0,12,2,2,2,102,58205,0,0
9,0,14,2,3,0,102,58866,0,0
9,0,14,1,2,1,103,58737,0,0
9,0,11,2,1,0,103,58668,0,0
10,0,14,3,3,0,108,58444,0,0
10,0,13,2,2,2,102,58392,0,0
8,1,12,1,2,0,103,58510,0,0
11,0,14,2,2,0,102,58394,0,0
10,0,12,4,2,0,103,58441,0,0
10,0,16,3,2,0,102,58449,0,0
10,0,13,3,0,0,103,58725,0,0
9,0,12,3,2,0,101,58507,0,0
10,0,13,2,2,2,102,58266,0,0
11,0,14,3,2,0,102,58731,0,0
9,0,12,2,0,1,102,58605,0,0
9,0,13,2,2,0,102,58514,0,0
9,0,14,3,2,0,102,58312,0,0
11,0,15,2,1,1,102,58433,0,0
10,0,14,2,2,0,102,59130,0,0
11,0,12,3,3,0,103,58693,0,0
9,0,14,2,4,0,102,58922,0,0
9,0,14,4,2,1,103,58555,0,0
9,0,13,2,1,0,102,58579,0,0
9,0,15,2,2,1,102,58314,0,0
10,0,14,3,2,1,103,58288,0,0
8,0,11,4,0,0,102,58680,0,0
10,0,14,3,3,0,102,58763,0,0
9,0,13,3,3,0,101,58316,0,0
9,0,14,3,1,0,101,58781,0,0
9,0,11,3,3,3,102,58555,0,0
9,1,14,3,1,0,102,59191,0,0
9,0,14,2,1,0,102,58140,0,0
10,0,14,2,2,0,102,58589,0,0
9,0,13,3,1,0,102,58485,0,0
9,0,14,3,1,0,102,59286,0,0
9,0,13,3,1,0,102,58268,0,0
9,0,13,2,2,1,102,58327,0,0
10,0,14,3,1,0,102,58495,0,0
9,0,14,2,2,0,102,58447,0,0
9,0,14,2,2,0,102,58530,0,0
10,0,13,2,1,0,103,58713,0,0
10,0,12,3,3,0,101,58546,0,0
9,0,14,3,2,0,102,58798,0,0
9,0,13,3,2,0,103,58575,0,0
10,0,13,3,1,0,102,58184,0,0
10,1,11,3,1,0,102,58328,0,0
10,0,13,2,3,0,103,58548,0,0
11,0,12,2,2,1,102,58273,0,0
10,0,14,2,3,1,102,57958,0,0
11,0,12,3,3,0,102,58720,0,0
9,0,14,2,3,1,102,58773,0,0
9,0,13,4,2,0,101,58398,0,0
10,0,14,3,1,0,102,58245,0,0
9,0,13,2,2,0,103,58978,0,0
9,0,14,2,2,0,101,58691,0,0
9,0,13,3,1,0,102,58428,0,0
9,0,13,3,2,0,102,58555,0,0
11,0,13,4,2,0,102,58510,0,0
8,0,11,2,2,0,102,58342,0,0
8,0,14,2,1,2,102,58540,0,0
11,0,13,4,2,0,102,58316,0,0
9,0,12,2,5,0,102,58163,0,0
9,0,12,0,2,0,103,58968,0,0
8,0,14,1,2,0,102,58685,0,0
8,1,13,4,3,1,104,59264,0,0
8,0,14,2,2,0,102,58587,0,0
10,1,13,4,2,0,102,58381,0,0
9,0,12,3,1,1,102,58457,0,0
9,0,14,3,1,0,102,58419,0,0
9,0,15,2,2,1,103,58165,0,0
11,0,13,3,2,1,103,58661,0,0
10,0,12,2,3,1,102,58395,0,0
11,0,14,3,3,1,103,58194,0,0
9,0,14,3,2,0,101,58319,0,0
7,0,13,2,2,0,102,58240,0,0
10,0,14,2,1,0,103,58621,0,0
10,0,11,3,2,0,102,58469,0,0
9,0,12,2,2,0,102,58584,0,0
10,0,14,3,2,0,103,58668,0,0
9,0,12,3,3,0,102,58208,0,0
11,0,15,1,2,0,102,58736,0,0
10,0,13,3,2,0,102,58518,0,0
9,0,13,2,2,0,103,58271,0,0
11,0,13,3,2,0,103,58238,0,0
10,0,13,3,2,0,102,58621,0,0
10,0,13,3,2,0,103,58307,0,0
9,0,12,2,2,0,102,58711,0,0
10,0,13,2,1,2,102,58340,0,0
9,0,15,3,2,1,103,58529,0,0
11,0,14,2,2,0,102,58860,0,0
10,0,12,3,2,0,102,58665,0,0
9,0,15,2,2,1,102,58567,0,0
8,0,13,1,2,1,103,58403,0,0
11,0,13,2,2,0,103,58175,0,0
9,0,14,4,0,0,103,58561,0,0
7,0,15,0,1,0,102,58898,0,0
10,0,13,2,0,1,103,59241,0,0
12,0,13,4,2,1,103,58459,0,0
10,0,14,2,2,1,102,58250,0,0
8,0,15,3,2,0,102,58478,0,0
12,0,14,3,2,0,104,58902,0,0
9,0,10,2,2,1,102,58395,0,0
10,0,15,4,2,0,102,58460,0,0
9,0,11,4,2,0,103,58554,0,0
9,0,14,2,3,0,95,58838,0,0
10,0,13,2,2,0,104,58885,0,0
8,0,16,3,2,0,103,58286,0,0
10,0,16,3,2,1,103,58720,0,0
9,0,14,3,2,0,103,58788,0,0
11,0,14,2,1,0,102,58555,0,0
7,0,12,2,5,1,101,58433,0,0
9,1,16,2,4,0,102,59310,0,0
9,0,15,3,3,0,103,58250,0,0
10,0,11,2,2,0,102,58367,0,0
10,0,13,2,2,0,102,58806,0,0
9,0,14,4,2,0,102,58607,0,0
10,0,13,3,2,0,103,58370,0,0
9,0,12,3,2,0,103,59101,0,0
9,0,14,3,2,0,103,59405,0,0
10,0,14,3,2,0,103,58568,0,0
9,0,16,2,3,0,103,58239,0,0
7,0,14,2,2,0,103,58197,0,0
10,0,13,4,1,0,102,58427,0,0
10,0,14,4,2,0,102,58623,0,0
10,0,14,3,2,0,103,58632,0,0
10,0,12,2,1,0,103,58063,0,0
9,0,14,4,2,0,102,58535,0,0
10,0,12,3,2,0,103,58595,0,0
9,0,12,2,3,0,103,58617,0,0
10,0,13,3,3,0,103,58850,0,0
9,0,14,2,2,0,102,58279,0,0
9,0,12,2,1,0,103,58501,0,0
10,0,15,2,2,0,102,58252,0,0
11,0,14,4,7,0,103,58592,0,0
10,0,13,2,1,1,103,58572,0,0
10,7,12,2,0,0,103,58968,0,0
9,0,12,3,2,0,102,58448,0,0
10,0,13,3,2,1,102,58241,0,0
9,0,13,3,2,0,103,58440,0,0
10,0,15,3,2,0,103,58605,0,0
8,0,13,2,2,1,103,58384,0,0
9,0,13,3,2,0,102,58561,0,0
9,0,13,3,1,0,103,58546,0,0
10,0,15,3,3,0,103,58209,0,0
10,0,13,3,2,0,103,58343,0,0
10,0,14,2,2,0,102,58213,0,0
9,0,12,3,2,0,103,58942,0,0
9,0,15,2,2,0,103,58234,0,0
11,0,14,3,2,0,104,58598,0,0
9,0,15,2,2,1,103,58842,0,0
12,0,13,5,2,0,103,58820,0,0
9,0,13,2,1,0,103,59048,0,0
10,0,13,3,1,0,103,58235,0,0
11,0,15,3,2,0,103,58555,0,0
9,0,14,2,2,0,102,58383,0,0
11,0,14,4,2,0,103,59117,0,0
10,0,14,2,2,0,103,58706,0,0
9,1,15,2,3,0,103,58059,0,0
8,0,11,4,2,1,103,58442,0,0
10,0,13,3,2,0,102,58356,0,0
10,0,14,2,0,0,102,58515,0,0
10,0,15,2,2,0,103,58945,0,0
10,0,15,2,3,0,103,58302,0,0
10,0,14,2,2,0,103,58632,0,0
10,0,13,3,3,0,102,58820,0,0
10,0,14,3,2,1,103,58463,0,0
9,0,14,2,1,1,102,58444,0,0
10,0,15,2,2,0,102,58934,0,0
10,0,14,3,2,1,102,58223,0,0
9,0,12,3,2,0,103,58562,0,0
10,0,14,2,2,0,102,58422,0,0
10,0,14,3,2,0,102,58372,0,0
10,1,14,3,2,0,103,58874,0,0
10,0,14,3,2,1,107,58697,0,0
11,0,15,3,2,0,103,58465,0,0
9,0,13,2,2,0,102,58535,0,0
10,0,14,2,2,1,103,58482,0,0
10,0,14,3,2,0,102,58262,0,0
8,0,12,4,2,0,103,58535,0,0
10,0,13,3,2,0,103,58404,0,0
9,0,14,1,2,0,103,58506,0,0
9,0,13,4,1,0,103,58695,0,0
10,0,15,2,2,0,102,58787,0,0
10,0,14,3,2,2,103,58772,0,0
10,0,14,3,2,0,104,58339,0,0
10,0,13,5,1,0,104,58675,0,0
9,0,16,3,1,1,103,58764,0,0
10,0,13,2,2,1,103,58192,0,0
9,0,14,3,2,1,103,58395,0,0
8,0,14,3,2,0,104,58413,0,0
11,0,14,2,4,0,103,58669,0,0
9,0,14,2,2,1,103,59018,0,0
8,0,14,4,1,0,102,58386,0,0
10,0,15,2,2,0,104,58447,0,0
10,0,14,1,2,2,102,58630,0,0
10,0,12,3,2,0,103,58407,0,0
10,0,13,3,3,0,102,58875,0,0
8,1,14,4,1,1,102,58584,0,0
10,0,13,2,2,3,102,59210,0,0
12,0,13,3,2,0,102,58430,0,0
8,0,13,2,3,0,102,58360,0,0
11,0,15,4,1,0,103,58413,0,0
9,0,15,3,3,0,102,58769,0,0
10,0,14,3,3,0,103,58285,0,0
9,0,13,0,4,0,103,58562,0,0
8,0,14,3,2,1,103,59108,0,0
10,0,13,4,2,2,103,58489,0,0
10,0,14,3,1,0,103,58111,0,0
10,0,14,2,2,0,104,58286,0,0
10,0,16,3,2,2,104,58632,0,0
9,0,15,3,2,0,103,58431,0,0
9,0,12,3,3,1,103,58335,0,0
9,0,15,3,0,0,104,58701,0,0
10,0,14,3,2,0,102,58233,0,0
10,0,15,2,3,0,102,58331,0,0
9,0,15,3,3,0,102,58320,0,0
10,0,15,2,1,0,103,58528,0,0
9,0,14,2,2,0,102,58989,0,0
9,0,14,2,2,0,103,58471,0,0
10,0,15,3,2,0,103,58728,0,0
10,0,15,3,4,0,103,58342,0,0
10,0,15,2,2,1,103,58419,0,0
9,0,15,3,2,1,103,58363,0,0
9,0,14,3,3,0,102,58280,0,0
9,0,14,3,3,1,104,58198,0,0
10,0,13,2,1,0,102,58628,0,0
10,0,14,3,2,0,103,58239,0,0
10,0,14,4,2,0,103,58660,0,0
10,0,14,1,0,0,103,58284,0,0
10,0,15,2,2,1,103,58971,0,0
10,0,14,3,2,0,103,58702,0,0
10,0,14,3,2,1,102,58425,0,0
9,0,12,3,2,0,103,58161,0,0
10,0,12,3,2,1,103,58272,0,0
9,0,13,2,2,0,102,58522,0,0
11,0,14,4,3,0,102,58493,0,0
10,0,14,2,2,0,102,58956,0,0
11,0,16,3,2,1,104,59020,0,0
10,0,14,2,0,0,103,58176,0,0
11,0,15,3,2,1,102,58586,0,0
10,2,13,3,2,0,102,58833,0,0
10,0,13,2,2,0,103,58326,0,0
10,1,15,3,1,0,103,58714,0,0
10,0,12,1,2,1,103,58465,0,0
10,0,15,2,2,0,103,58946,0,0
11,0,14,2,2,1,102,58577,0,0
10,0,14,3,3,0,103,58368,0,0
10,0,14,2,1,0,103,58471,0,0
10,0,15,3,1,0,103,58873,0,0
11,0,13,3,2,1,103,58265,0,0
10,0,12,2,2,1,103,58309,0,0
9,0,13,2,2,1,102,58442,0,0
10,0,14,4,1,1,103,58994,0,0
10,0,14,3,2,0,102,58341,0,0
10,0,15,2,2,1,103,58321,0,0
9,0,13,2,2,0,103,58201,0,0
9,0,15,3,1,1,103,58374,0,0
9,0,15,2,2,0,103,58635,0,0
10,0,14,2,2,0,102,58504,0,0
11,0,13,3,2,1,103,58191,0,0
9,0,14,2,3,1,103,59136,0,0
11,0,13,2,1,2,102,58228,0,0
10,0,14,2,2,1,103,58238,0,0
10,0,13,2,3,0,102,58176,0,0
11,0,13,2,2,1,103,58437,0,0
8,0,12,3,2,1,103,58272,0,0
10,0,12,1,0,0,103,58283,0,0
10,0,14,2,2,2,101,58386,0,0
11,0,15,1,2,0,103,58611,0,0
11,0,14,3,2,1,103,58266,0,0
10,0,13,3,1,1,103,58498,0,0
10,0,15,2,0,0,102,58906,0,0
10,0,14,1,2,0,104,58650,0,0
9,0,14,3,1,0,102,58448,0,0
11,0,12,2,0,1,102,58515,0,0
8,0,14,3,2,1,104,58697,0,0
10,0,12,3,2,0,103,58909,0,0
13,0,14,3,2,0,102,58359,0,0
11,0,14,4,2,0,103,58378,0,0
9,0,13,3,1,0,103,58257,0,0
10,0,16,2,2,0,102,58747,0,0
8,0,11,2,2,1,102,58698,0,0
10,0,13,3,3,2,103,58545,0,0
10,0,15,3,2,1,104,58566,0,0
9,0,13,3,2,0,103,58573,0,0
10,1,15,3,2,0,103,59271,0,0
11,0,13,3,2,0,103,58560,0,0
10,0,13,3,2,0,103,58918,0,0
10,0,12,2,4,1,103,58436,0,0
8,0,14,2,2,0,103,58697,0,0
9,0,13,2,4,0,103,58609,0,0
9,0,14,2,2,0,103,58862,0,0
10,0,15,4,2,0,102,58713,0,0
9,1,12,3,2,1,103,58512,0,0
10,0,13,2,2,0,103,58322,0,0
10,0,15,2,2,0,103,58804,0,0
10,0,14,2,2,1,102,58525,0,0
9,0,16,2,2,1,102,59129,0,0
10,0,14,1,2,0,102,58737,0,0
9,0,13,2,1,0,103,59022,0,0
11,0,14,3,2,0,102,58374,0,0
10,0,15,2,3,0,103,58722,0,0
10,0,14,2,3,1,103,58606,0,0
10,0,14,3,1,0,103,58788,0,0
11,0,13,3,2,0,103,58871,0,0
9,0,15,2,2,1,103,58541,0,0
11,0,15,2,2,1,102,58922,0,0
10,0,12,2,3,0,102,58834,0,0
10,0,15,2,2,1,103,58266,0,0
11,0,15,3,3,0,103,58869,0,0
10,0,14,3,2,1,103,58280,0,0
10,0,14,2,2,1,103,58399,0,0
9,0,14,3,2,0,103,58658,0,0
12,0,14,4,2,0,103,58928,0,0
12,0,14,4,2,1,102,58677,0,0
10,0,14,3,2,0,103,58370,0,0
10,0,14,3,2,0,102,58509,0,0
10,0,14,3,2,0,102,58397,0,0
11,0,14,3,2,0,103,58500,0,0
10,0,13,1,2,1,105,58188,0,0
12,0,13,3,2,2,104,58927,0,0
12,0,15,3,3,1,103,59684,0,0
10,0,13,2,3,1,104,58604,0,0
11,0,15,3,1,1,103,58901,0,0
10,0,13,3,3,0,103,58232,0,0
10,0,13,1,2,1,103,58148,0,0
9,0,15,2,2,0,103,58477,0,0
10,0,14,1,3,1,102,58401,0,0
9,0,14,3,3,0,103,58696,0,0
8,0,11,3,3,0,102,58515,0,0
7,0,10,2,2,0,103,58905,0,0
4,0,7,3,1,0,103,58689,0,0
3,0,4,2,2,0,101,58321,0,0
2,0,2,2,1,1,103,58305,0,0
2,0,2,3,1,0,103,58643,0,0
0,0,2,2,0,0,103,58330,0,0
2,0,2,3,0,1,103,58180,0,0
1,0,1,3,0,0,101,58197,0,0
1,0,1,3,1,0,102,58428,0,0
1,0,1,3,1,0,104,58309,0,0
2,0,1,3,0,1,103,58322,0,0
0,0,2,2,1,0,103,58336,0,0
1,0,0,3,1,0,103,57956,0,0
0,0,2,3,1,0,103,58255,0,0
0,0,2,2,1,0,103,58656,0,0
1,0,2,3,0,0,101,58783,0,0
1,0,1,4,0,0,103,58206,0,0
2,0,0,3,3,0,103,58743,0,0
2,1,1,1,1,0,103,58782,0,0
1,0,2,3,2,0,103,58767,0,0
0,0,2,3,1,0,103,58760,0,0
1,0,1,4,1,0,102,58994,0,0
0,0,1,2,1,0,104,59161,0,0
1,1,1,2,0,1,103,59341,0,0
1,0,2,3,0,0,102,58533,0,0
0,0,1,5,0,1,103,58261,0,0
1,0,0,4,0,0,102,58203,0,0
2,0,2,3,1,0,104,58542,0,0
3,0,0,4,2,0,103,58599,0,0
1,0,0,1,0,0,104,58736,0,0
1,0,1,3,0,1,102,58737,0,0
1,0,2,2,0,1,103,58699,0,0
2,0,3,2,0,0,102,58637,0,0
0,0,1,1,0,0,104,58716,0,0
2,0,3,2,1,0,103,58518,0,0
1,0,1,2,1,0,103,58231,0,0
1,0,2,3,1,0,104,58888,0,0
2,0,2,3,1,1,102,58672,0,0
1,0,3,3,1,0,103,58768,0,0
2,0,2,2,0,0,102,58500,0,0
2,0,1,4,0,0,104,58515,0,0
1,0,1,2,0,1,103,58985,0,0
1,0,1,3,0,0,103,58812,0,0
0,0,1,3,1,0,103,58595,0,0
1,0,2,2,0,1,103,58299,0,0
2,0,3,4,1,2,102,58690,0,0
0,0,1,3,0,0,102,58283,0,0
0,0,3,2,0,1,103,58365,0,0
2,0,1,3,1,0,103,58605,0,0
1,0,2,2,0,0,103,58866,0,0
2,0,2,3,0,0,103,58681,0,0
1,0,1,3,0,0,103,58403,0,0
2,0,0,3,1,1,102,58439,0,0
1,0,1,3,0,0,103,58548,0,0
1,0,1,2,0,1,103,58345,0,0
1,0,1,3,1,0,103,58396,0,0
0,0,1,1,1,1,102,58590,0,0
1,0,1,3,0,2,103,58533,0,0
1,0,2,2,0,0,103,58266,0,0
0,0,2,3,1,0,104,58266,0,0
3,0,2,3,1,1,104,59142,0,0
1,0,3,3,0,1,104,58561,0,0
2,0,1,4,0,0,103,58791,0,0
1,0,2,2,2,0,103,58784,0,0
0,0,1,3,0,1,102,58574,0,0
1,0,2,2,0,0,103,58587,0,0
2,0,2,2,0,0,102,58387,0,0
1,0,1,3,0,3,103,58626,0,0
1,0,2,3,0,0,103,58658,0,0
1,0,3,2,0,1,102,58641,0,0
1,0,1,1,1,0,101,58649,0,0
1,0,0,2,1,0,103,58797,0,0
0,1,1,2,0,0,103,58853,0,0
1,0,2,3,0,0,103,59173,0,0
0,0,1,2,1,0,102,58810,0,0
1,1,0,4,1,0,105,58355,0,0
2,1,2,4,0,1,104,58614,0,0
0,0,2,2,0,0,103,58444,0,0
0,0,1,4,0,0,104,58588,0,0
0,0,2,3,1,0,103,58585,0,0
0,0,1,3,0,0,103,58127,0,0
1,0,2,3,0,0,103,58266,0,0
2,0,0,2,1,0,103,58520,0,0
1,0,1,3,1,0,103,58350,0,0
1,0,2,3,0,0,103,58530,0,0
1,0,1,3,0,1,103,58610,0,0
2,0,1,2,1,0,102,58514,0,0
1,0,1,3,1,1,104,58509,0,0
0,0,2,3,0,0,103,58727,0,0
0,0,1,3,1,0,103,59102,0,0
0,0,0,3,0,1,103,58287,0,0
1,0,2,4,1,0,104,58767,0,0
1,0,1,2,1,0,103,58270,0,0
1,0,1,2,2,0,102,58341,0,0
1,0,0,2,0,0,103,58596,0,0
0,0,2,2,1,0,103,58333,0,0
0,0,2,3,0,0,102,58240,0,0
1,0,1,3,0,0,103,58255,0,0
2,0,0,3,2,0,103,58722,0,0
0,0,0,3,0,1,103,58862,0,0
1,0,1,2,0,0,102,58387,0,0
0,0,2,2,0,0,103,58766,0,0
2,0,0,4,0,0,104,58247,0,0
0,0,1,3,0,0,103,58257,0,0
1,0,1,2,0,0,102,58326,0,0
2,0,3,3,0,1,103,58199,0,0
1,0,3,2,1,1,104,58766,0,0
0,0,2,3,1,0,104,58934,0,0
1,1,1,2,1,0,104,58478,0,0
1,0,1,3,1,1,103,58278,0,0
1,1,0,3,0,1,103,58289,0,0
1,0,2,3,0,0,103,58366,0,0
2,1,0,4,0,0,103,58622,0,0
3,0,2,3,0,0,103,58695,0,0
0,0,2,1,1,0,102,58942,0,0
1,0,1,1,0,0,103,59320,0,0
0,0,1,2,0,1,102,58283,0,0
2,0,2,3,0,0,104,58618,0,0
1,1,2,2,2,0,103,59153,0,0
2,0,1,4,0,0,103,58319,0,0
0,1,2,3,0,0,103,58384,0,0
0,0,1,1,0,2,103,58524,0,0
1,0,1,3,0,0,101,58486,0,0
2,0,1,4,0,0,102,58501,0,0
2,0,1,2,0,1,102,58802,0,0
2,0,0,2,0,1,103,58600,0,0
1,0,2,1,0,0,105,58375,0,0
1,0,2,3,0,1,103,58417,0,0
2,0,1,3,0,0,105,59248,0,0
2,0,1,2,2,0,103,59040,0,0
0,0,1,3,1,0,103,58924,0,0
0,0,1,3,1,1,102,58734,0,0
0,0,2,2,0,0,103,58303,0,0
1,1,1,3,0,0,103,58821,0,0
0,0,1,2,1,0,104,58216,0,0
1,0,1,3,0,0,102,58367,0,0
1,0,1,4,1,1,102,58310,0,0
9,0,1,3,0,0,103,58986,0,0
2,0,2,4,0,0,104,58394,0,0
1,0,1,3,0,0,103,58494,0,0
1,0,1,2,0,0,103,58252,0,0
1,0,1,3,0,0,103,58563,0,0
0,0,0,3,1,0,103,58764,0,0
1,0,1,3,0,1,103,58125,0,0
1,0,2,2,0,1,103,58290,0,0
1,0,2,1,1,0,103,58526,0,0
0,0,2,1,0,0,103,58375,0,0
1,0,1,3,0,1,103,58710,0,0
1,0,2,3,0,1,104,58402,0,0
0,0,2,3,0,0,103,58076,0,0
1,0,2,1,0,1,103,58440,0,0
0,0,1,3,0,1,102,58378,0,0
0,0,1,3,0,0,104,59079,0,0
1,0,1,3,0,0,103,58682,0,0
2,0,1,4,0,0,103,58755,0,0
1,0,1,2,0,1,103,58355,0,0
0,0,1,3,1,0,102,58126,0,0
2,0,2,4,0,0,103,58493,0,0
1,0,2,3,0,0,103,58399,0,0
0,0,2,2,0,2,104,58525,0,0
3,0,2,5,1,0,102,58257,0,0
0,1,1,4,0,1,103,59030,0,0
1,0,3,2,0,0,103,58369,0,0
1,0,1,3,0,1,103,58712,0,0
1,0,2,2,0,0,102,58624,0,0
2,0,1,1,1,0,103,58683,0,0
0,0,3,2,0,0,103,58481,0,0
0,0,1,2,1,0,103,58713,0,0
0,0,0,0,0,0,103,58866,0,0
2,0,1,3,1,0,104,58484,0,0
0,0,1,2,0,0,104,58557,0,0
1,0,2,3,0,0,104,59018,0,0
1,0,2,2,1,0,103,58659,0,0
1,0,1,2,0,0,104,58539,0,0
0,0,1,3,0,0,103,58403,0,0
1,0,1,3,0,0,103,58587,0,0
0,0,1,2,0,1,104,58918,0,0
1,0,2,3,1,0,104,57584,0,0
2,0,1,3,1,1,104,58770,0,0
0,0,1,2,0,0,103,58325,0,0
1,0,2,3,0,1,103,59052,0,0
0,0,2,2,1,1,103,58475,0,0
1,0,2,3,0,0,105,58073,0,0
1,0,1,3,1,1,102,58351,0,0
1,0,1,5,1,0,102,58803,0,0
1,0,2,2,0,0,103,58711,0,0
1,0,1,2,0,0,103,58559,0,0
0,0,2,1,1,0,104,58493,0,0
2,0,0,3,0,2,104,58248,0,0
2,1,2,3,1,0,104,58358,0,0
1,0,1,2,2,0,103,58247,0,0
0,0,1,3,1,0,103,58853,0,0
1,0,2,3,1,0,103,58588,0,0
0,0,1,2,0,0,104,58982,0,0
2,0,3,2,0,2,103,58295,0,0
1,0,1,2,1,1,103,58309,0,0
0,0,3,3,0,0,103,58939,0,0
2,0,2,0,1,0,102,58371,0,0
1,0,1,3,0,1,103,58886,0,0
1,0,2,3,1,0,102,59390,0,0
0,0,2,3,0,2,103,58949,0,0
2,0,1,4,0,0,102,58330,0,0
1,0,2,4,1,0,105,58749,0,0
0,0,1,3,0,1,103,58334,0,0
1,0,0,2,0,1,103,58385,0,0
0,0,3,3,0,0,102,58328,0,0
2,0,1,2,0,0,104,58594,0,0
1,0,0,3,0,1,102,58211,0,0
1,0,1,3,0,0,103,58920,0,0
1,0,1,3,1,1,104,58488,0,0
2,0,2,2,0,0,103,58442,0,0
1,0,1,3,1,0,102,58701,0,0
2,0,2,0,1,1,103,58312,0,0
0,0,1,3,2,0,103,58464,0,0
2,0,2,2,1,0,101,58727,0,0
1,0,1,5,0,0,103,58769,0,0
2,0,3,2,0,1,103,58832,0,0
13,0,20,3,2,0,103,58660,0,0
21,0,33,4,3,0,104,58319,0,0
29,0,43,3,3,0,103,58246,0,0
37,0,50,2,4,0,104,58433,0,0
43,0,59,4,6,0,103,59080,0,0
44,0,59,3,6,0,104,58489,0,0
45,0,61,2,7,0,102,58773,0,0
48,0,61,3,9,1,103,58364,0,0
48,0,62,3,10,0,103,58581,0,0
49,1,61,4,9,0,103,58365,0,0
49,0,62,2,10,1,103,58270,0,0
49,0,63,3,11,0,103,58405,0,0
47,0,61,1,11,1,104,58356,0,0
49,0,62,2,12,1,102,58408,0,0
48,0,62,2,12,0,103,58438,0,0
49,0,62,2,13,0,102,58286,0,0
48,0,62,3,13,0,102,58659,0,0
48,0,61,3,15,0,103,58741,0,0
49,0,61,3,13,0,103,58226,0,0
49,0,61,2,17,0,103,58046,0,0
50,0,61,2,15,0,103,58117,0,0
48,0,61,3,14,1,103,58290,0,0
49,0,61,3,14,0,103,58422,0,0
49,0,62,3,14,0,103,58388,0,0
49,0,61,3,14,0,103,58329,0,0
48,0,62,2,15,0,103,58701,0,0
48,0,61,2,14,1,103,58203,0,0
48,0,62,3,15,0,104,58820,0,0
48,0,61,3,15,1,103,58740,0,0
49,0,61,2,16,1,103,59155,0,0
48,0,61,1,15,0,103,58437,0,0
47,0,62,3,15,0,102,58754,0,0
50,0,61,3,15,0,104,58609,0,0
49,0,62,2,16,0,103,58458,0,0
49,0,61,2,16,0,103,58501,0,0
48,0,61,3,15,2,103,58793,0,0
50,0,61,3,15,1,104,59030,0,0
49,0,60,2,16,1,103,58407,0,0
48,0,62,3,16,0,103,58563,0,0
49,0,62,2,14,1,104,58964,0,0
48,0,62,2,15,0,103,59416,0,0
50,0,61,3,15,0,103,58253,0,0
50,1,62,4,16,0,103,58429,0,0
48,0,62,2,17,1,103,58116,0,0
49,0,62,2,15,0,103,58738,0,0
49,0,62,2,16,0,104,58390,0,0
48,0,62,2,16,0,104,58314,0,0
48,0,62,3,17,0,103,59088,0,0
51,0,62,3,16,0,103,58825,0,0
49,0,61,3,16,1,103,58283,0,0
49,0,61,2,16,0,104,58298,0,0
50,0,62,5,17,0,103,58495,0,0
50,0,62,2,17,0,104,58816,0,0
49,0,62,2,16,0,103,58477,0,0
49,0,62,3,16,1,104,58976,0,0
49,0,63,3,16,0,103,58786,0,0
48,0,61,2,17,0,103,58366,0,0
51,0,66,2,17,0,102,58243,0,0
60,0,76,3,15,2,103,58500,0,0
68,0,86,3,17,0,103,58905,0,0
72,0,89,3,18,1,103,58608,0,0
72,1,91,3,20,0,103,58909,0,0
73,0,91,4,20,0,104,58395,0,0
74,0,93,2,22,0,103,58226,0,0
74,0,93,2,22,2,103,58640,0,0
75,0,90,2,23,0,103,58278,0,0
75,0,92,2,23,1,102,58219,0,0
73,0,94,3,25,0,104,58999,0,0
75,0,91,3,25,1,103,58406,0,0
75,0,92,3,27,0,104,58276,0,0
73,0,92,3,25,0,103,58361,0,0
76,0,91,3,26,1,103,58469,0,0
76,0,92,5,25,0,103,58320,0,0
75,0,93,4,24,0,104,58395,0,0
73,0,92,2,26,1,103,58713,0,0
75,0,92,2,26,0,103,59508,0,0
75,0,93,1,26,0,101,58680,0,0
75,0,93,3,27,3,103,58362,0,0
68,0,85,1,28,0,102,58758,0,0
53,0,63,3,26,0,103,58921,0,0
38,0,43,2,25,1,102,58322,0,0
21,0,23,1,24,1,102,58305,0,0
15,0,13,2,16,0,102,58401,0,0
12,0,10,2,14,1,103,58235,0,0
12,0,6,0,11,0,104,58283,0,0
8,0,4,2,7,1,103,58961,0,0
7,0,2,3,7,0,104,58823,0,0
3,0,0,2,3,1,103,58905,0,0
4,0,0,2,3,0,103,59224,0,0
1,0,0,2,4,1,103,58811,0,0
0,0,0,2,0,2,104,58735,0,0
1,0,0,2,1,0,103,58197,0,0
0,0,0,3,0,0,103,58562,0,0
0,0,0,3,0,0,104,58364,0,0
0,0,0,4,0,0,102,58464,0,0
0,0,0,3,0,0,103,58429,0,0
0,0,0,1,0,0,103,58476,0,0
1,0,0,3,0,1,103,58339,0,0
0,0,0,3,0,0,103,58910,0,0
0,0,0,2,0,1,103,58343,0,0
0,0,0,3,1,0,103,58425,0,0
0,0,0,3,0,0,104,58716,0,0
0,0,0,2,0,1,104,58310,0,0
0,0,0,2,1,0,103,58597,0,0
0,0,0,2,1,1,103,58477,0,0
0,0,0,2,0,0,103,58729,0,0
1,0,0,2,0,0,103,58924,0,0
0,0,0,1,0,0,102,58712,0,0
0,0,0,3,0,0,103,58599,0,0
1,0,0,2,0,0,103,58628,0,0
1,0,0,3,1,0,103,58359,0,0
0,0,1,2,0,0,104,58592,0,0
1,0,0,3,1,1,101,58354,0,0
0,0,2,2,0,0,104,58657,0,0
0,1,0,2,1,0,103,58709,0,0
0,0,0,2,3,0,103,58800,0,0
2,0,1,2,1,2,103,58574,0,0
0,0,0,2,0,0,102,58298,0,0
2,0,0,2,1,0,103,59102,0,0
0,0,2,3,0,0,102,58811,0,0
2,0,0,1,1,0,104,58620,0,0
1,0,0,2,0,2,103,59731,0,0
0,0,0,3,0,0,104,58537,0,0
1,0,0,2,0,0,104,58870,0,0
1,0,1,3,0,1,104,58258,0,0
1,0,0,3,1,0,103,58437,0,0
1,0,1,3,0,0,103,58170,0,0
0,0,1,4,0,0,104,58646,0,0
1,0,1,2,1,1,103,58727,0,0
1,0,0,3,1,0,103,58482,0,0
0,0,0,2,1,0,103,58590,0,0
1,0,1,2,0,0,103,59109,0,0
0,0,0,2,0,0,103,58351,0,0
0,0,0,2,0,0,103,58384,0,0
0,0,0,2,0,1,103,58199,0,0
2,0,1,3,0,1,105,58730,0,0
1,0,0,3,1,1,104,58757,0,0
2,0,0,2,0,0,102,58513,0,0
2,0,0,4,0,0,102,58264,0,0
0,0,1,3,0,0,104,58571,0,0
0,0,0,4,0,0,102,58567,0,0
1,0,1,3,0,1,103,58668,0,0
1,0,1,3,0,0,104,58047,0,0
2,0,0,3,1,0,103,58652,0,0
0,0,1,3,0,0,103,59000,0,0
1,0,0,3,0,1,104,58409,0,0
1,0,0,3,0,0,104,58660,0,0
0,0,1,2,0,1,103,58104,0,0
1,0,0,2,0,1,103,58314,0,0
1,0,0,2,0,0,103,58996,0,0
0,0,1,5,0,0,103,59089,0,0
1,1,0,3,1,0,103,59294,0,0
1,0,1,2,1,0,103,58382,0,0
1,0,1,2,1,0,104,58252,0,0
0,0,1,2,0,0,103,58314,0,0
0,0,0,3,1,0,103,58404,0,0
1,0,0,2,0,1,103,58772,0,0
0,0,1,3,0,0,103,58750,0,0
0,1,0,3,1,0,103,59123,0,0
0,0,0,2,0,0,103,59062,0,0
0,0,0,2,1,0,103,59312,0,0
1,0,1,2,0,0,103,58759,0,0
0,0,0,3,0,0,102,58209,0,0
2,0,1,1,1,0,104,58503,0,0
0,0,1,3,0,0,104,58723,0,0
1,0,1,3,0,0,103,58292,0,0
0,0,0,3,0,1,104,58515,0,0
2,0,1,2,1,1,104,58501,0,0
0,0,0,2,0,0,103,59233,0,0
1,0,1,3,0,0,102,58316,0,0
0,0,0,3,0,1,104,58360,0,0
0,0,1,2,0,0,104,58159,0,0
0,0,1,2,0,0,103,58442,0,0
0,0,0,2,0,0,102,58398,0,0
1,0,1,3,0,0,103,58067,0,0
0,0,1,3,0,1,92,58415,0,0
2,0,1,2,0,0,93,58665,0,0
1,0,0,1,1,0,95,58099,0,0
0,0,1,3,0,0,98,58266,0,0
0,0,1,3,1,0,100,58302,0,0
0,0,1,3,0,0,102,58404,0,0
1,0,1,3,1,0,102,58649,0,0
1,0,1,2,1,0,102,58156,0,0
0,0,0,2,0,0,101,58325,0,0
0,0,1,2,1,0,102,58183,0,0
1,0,0,3,1,0,101,58395,0,0
1,0,0,2,1,0,101,58354,0,0
1,0,0,4,1,0,101,58490,0,0
1,0,1,2,1,2,102,58455,0,0
1,0,1,2,1,2,102,58455,0,0
1,0,1,2,1,2,102,58455,0,0
1,0,1,2,1,2,102,58455,0,0
1,0,0,3,2,0,102,58198,0,0
1,0,0,3,2,0,102,58198,0,0
1,0,0,3,2,0,102,58198,0,0
1,0,0,3,2,0,102,58198,0,0
1,0,1,3,1,1,102,58192,0,0
1,0,1,3,1,1,102,58192,0,0
1,0,1,3,1,1,102,58192,0,0
1,0,1,3,1,1,102,58192,0,0
0,0,0,2,1,1,101,58295,0,0
0,0,0,2,1,1,101,58295,0,0
0,0,0,2,1,1,101,58295,0,0
0,0,0,2,1,1,101,58295,0,0
1,0,0,3,0,0,102,58462,0,0
1,0,0,3,0,0,102,58462,0,0
1,0,0,3,0,0,102,58462,0,0
1,0,0,3,0,0,102,58462,0,0
0,1,1,3,0,0,100,58590,0,0
0,1,1,3,0,0,100,58590,0,0
0,1,1,3,0,0,100,58590,0,0
0,1,1,3,0,0,100,58590,0,0
1,0,1,1,0,1,103,59330,0,0
1,0,1,1,0,1,103,59330,0,0
1,0,1,1,0,1,103,59330,0,0
1,0,1,1,0,1,103,59330,0,0
1,0,1,4,1,0,102,58372,0,0
1,0,1,4,1,0,102,58372,0,0
1,0,1,4,1,0,102,58372,0,0
1,0,1,4,1,0,102,58372,0,0
0,0,1,4,1,0,102,58665,0,0
0,0,1,4,1,0,102,58665,0,0
0,0,1,4,1,0,102,58665,0,0
0,0,1,4,1,0,102,58665,0,0
1,0,0,3,1,0,102,58346,0,0
1,0,0,3,1,0,102,58346,0,0
1,0,0,3,1,0,102,58346,0,0
1,0,0,3,1,0,102,58346,0,0
1,0,0,2,0,1,102,58356,0,0
1,0,0,2,0,1,102,58356,0,0
1,0,0,2,0,1,102,58356,0,0
1,0,0,2,0,1,102,58356,0,0
1,0,1,3,1,0,94,58833,0,0
1,0,1,3,1,0,94,58833,0,0
1,0,1,3,1,0,94,58833,0,0
1,0,1,3,1,0,94,58833,0,0
1,0,2,1,0,0,99,58993,0,0
1,0,2,1,0,0,99,58993,0,0
1,0,2,1,0,0,99,58993,0,0
1,0,2,1,0,0,99,58993,0,0
2,0,0,2,1,0,102,58428,0,0
2,0,0,2,1,0,102,58428,0,0
2,0,0,2,1,0,102,58428,0,0
2,0,0,2,1,0,102,58428,0,0
1,0,1,2,0,1,103,58933,0,0
1,0,1,2,0,1,103,58933,0,0
1,0,1,2,0,1,103,58933,0,0
1,0,1,2,0,1,103,58933,0,0
1,0,3,3,1,1,102,58124,0,0
1,0,3,3,1,1,102,58124,0,0
1,0,3,3,1,1,102,58124,0,0
1,0,3,3,1,1,102,58124,0,0
1,2,0,3,0,1,101,58363,0,0
1,2,0,3,0,1,101,58363,0,0
1,2,0,3,0,1,101,58363,0,0
1,2,0,3,0,1,101,58363,0,0
1,0,1,3,0,1,101,58415,0,0
1,0,1,3,0,1,101,58415,0,0
1,0,1,3,0,1,101,58415,0,0
1,0,1,3,0,1,101,58415,0,0
3,0,1,2,0,1,102,58395,0,0
3,0,1,2,0,1,102,58395,0,0
3,0,1,2,0,1,102,58395,0,0
3,0,1,2,0,1,102,58395,0,0
1,0,1,3,0,0,102,58291,0,0
1,0,1,3,0,0,102,58291,0,0
1,0,1,3,0,0,102,58291,0,0
1,0,1,3,0,0,102,58291,0,0
1,0,1,2,2,0,101,58279,0,0
1,0,1,3,0,1,102,58389,0,0
1,0,0,3,1,0,101,59049,0,0
1,1,1,4,1,0,101,58465,0,0
3,0,1,3,0,1,101,58609,0,0
2,0,1,3,1,0,101,58323,0,0
2,0,0,2,1,0,103,60520,0,0
0,0,2,3,0,0,102,58711,0,0
1,1,1,3,1,1,101,58197,0,0
1,0,1,3,1,0,102,58820,0,0
2,0,1,3,1,0,101,58749,0,0
1,0,1,3,0,0,102,58606,0,0
2,1,0,3,1,1,102,59105,0,0
1,0,2,1,2,0,102,58601,0,0
1,0,1,3,1,1,102,58684,0,0
0,0,1,3,1,0,102,58439,0,0
1,0,2,3,0,1,102,58420,0,0
2,0,1,3,2,1,101,58343,0,0
0,0,2,3,0,1,102,60221,0,0
2,3,4,3,1,1,103,58346,0,0
0,0,1,4,2,0,101,59043,0,0
1,1,1,2,4,0,102,58275,0,0
1,0,0,3,1,1,101,58214,0,0
2,0,0,3,1,1,102,58931,0,0
0,0,1,3,1,0,102,58980,0,0
1,0,1,3,1,1,101,58292,0,0
2,0,1,3,1,0,101,59660,0,0
1,1,1,2,1,0,101,59534,0,0
2,0,2,3,0,0,102,60473,0,0
1,0,1,3,0,0,102,59775,0,0
1,0,1,3,0,1,102,58933,0,0
0,2,2,4,1,1,103,59394,0,0
1,0,1,3,1,0,103,58777,0,0
2,0,0,4,1,1,102,58664,0,0
1,1,2,3,1,0,102,57959,0,0
1,0,1,3,1,0,101,58820,0,0
0,0,0,4,0,0,102,58764,0,0
1,4,0,2,0,1,101,58411,0,0
1,0,1,3,1,0,102,58238,0,0
0,0,1,3,7,1,102,58747,0,0
1,1,1,3,1,0,102,58975,0,0
1,0,0,2,0,0,102,58852,0,0
1,0,2,3,0,0,102,59608,0,0
3,0,1,2,0,2,100,58195,0,0
0,0,1,4,2,0,103,58696,0,0
1,0,1,3,1,0,103,59330,0,0
1,0,1,2,1,0,102,58581,0,0
1,1,1,3,2,0,101,60393,0,0
1,0,1,3,1,1,102,58355,0,0
3,0,1,3,1,0,101,58277,0,0
2,0,1,3,1,0,101,58383,0,0
1,0,1,3,1,0,102,58348,0,0
0,0,0,2,0,1,102,58698,0,0
1,0,1,4,1,0,102,58663,0,0
1,0,1,3,1,0,103,58295,0,0
3,0,1,3,1,0,102,60006,0,0
1,1,2,3,0,0,102,58352,0,0
2,0,1,3,1,0,102,59094,0,0
1,0,1,2,1,0,102,59321,0,0
0,0,0,4,0,2,103,58910,0,0
1,0,1,3,1,0,102,60315,0,0
2,0,0,3,1,0,102,59275,0,0
2,0,2,3,0,0,102,58429,0,0
1,0,2,3,1,1,102,58129,0,0
2,1,2,3,0,0,102,58408,0,0
1,0,2,3,0,1,102,58754,0,0
1,0,0,3,0,0,102,58250,0,0
2,0,1,3,0,0,101,58258,0,0
3,1,0,7,0,0,103,60292,0,0
0,0,0,3,1,0,101,58715,0,0
3,0,1,3,1,0,103,58237,0,0
0,0,1,5,0,1,102,58600,0,0
1,2,1,3,0,1,102,58504,0,0
1,0,1,3,1,0,102,58197,0,0
2,0,1,2,1,0,100,58748,0,0
2,0,2,4,1,1,102,59747,0,0
2,0,2,3,1,0,102,59880,0,0
2,1,1,3,2,0,103,59975,0,0
1,2,3,4,1,1,103,59358,0,0
3,0,1,3,1,1,101,58263,0,0
1,0,1,3,1,0,102,58642,0,0
0,0,1,4,1,0,101,59121,0,0
1,0,1,3,1,0,101,58774,0,0
1,0,2,1,0,2,102,58403,0,0
1,0,1,3,1,0,101,59861,0,0
0,0,1,4,0,0,101,58959,0,0
1,0,1,3,0,1,102,58913,0,0
1,0,1,3,1,1,101,58638,0,0
1,0,1,3,0,0,102,59137,0,0
0,0,0,4,0,0,105,59173,0,0
2,0,1,3,1,0,101,58264,0,0
2,0,2,3,3,0,102,59328,0,0
2,0,1,2,1,1,100,59136,0,0
0,0,0,4,0,0,100,58453,0,0
3,1,3,2,1,0,102,59353,0,0
2,0,2,3,2,0,103,58497,0,0
0,0,2,4,1,0,101,59323,0,0
1,0,0,3,2,0,101,58497,0,0
1,1,2,4,1,0,101,58579,0,0
6,0,3,4,1,0,103,58271,0,0
1,0,1,2,0,2,100,59100,0,0
2,0,2,3,2,0,101,60022,0,0
2,0,1,2,0,0,100,59367,0,0
0,0,1,3,0,0,101,58714,0,0
3,0,1,3,0,0,102,58828,0,0
2,0,4,2,0,2,101,58373,0,0
1,0,1,2,1,0,104,59937,0,0
1,0,2,3,1,0,101,59079,0,0
1,0,1,4,0,1,102,58216,0,0
1,0,2,3,1,0,102,58292,0,0
2,0,1,2,1,0,91,57957,0,0
0,0,1,1,0,2,91,58494,0,0
0,0,1,3,1,0,93,58227,0,0
0,0,0,2,0,0,96,59456,0,0
0,2,2,0,4,0,95,58957,0,0
0,0,0,4,0,0,99,59907,0,0
1,0,0,3,0,1,100,58705,0,0
5,0,3,4,0,0,102,58407,0,0
2,0,1,1,0,1,102,58453,0,0
1,0,1,3,0,0,102,58501,0,0
0,0,1,3,0,1,102,58841,0,0
3,0,3,2,0,0,101,58260,0,0
1,0,0,2,2,0,102,60590,0,0
0,0,0,1,1,0,102,60624,0,0
1,0,1,3,1,0,101,59269,0,0
1,0,0,3,0,0,101,59300,0,0
1,0,0,3,1,0,101,59712,0,0
1,1,1,4,0,0,101,58515,0,0
1,0,1,2,2,1,102,59138,0,0
0,0,1,3,1,1,100,59303,0,0
1,0,1,3,1,0,102,58281,0,0
1,0,0,4,1,0,102,58281,0,0
1,0,2,3,1,2,101,59288,0,0
1,1,1,3,1,1,100,58829,0,0
0,2,0,3,2,1,103,58358,0,0
4,0,0,3,3,2,101,58183,0,0
0,0,1,3,1,0,101,59891,0,0
1,0,2,2,0,2,100,60323,0,0
0,0,3,3,0,0,101,58458,0,0
1,0,2,3,3,0,101,58388,0,0
2,0,1,3,1,1,102,59556,0,0
2,0,2,3,4,0,103,60936,0,0
0,1,0,1,2,0,100,58551,0,0
4,0,4,2,0,0,101,58497,0,0
1,0,1,3,0,0,101,58853,0,0
0,0,1,4,1,1,101,58692,0,0
1,0,1,3,0,0,101,59030,0,0
1,1,1,3,0,1,102,59298,0,0
1,0,0,4,2,0,102,58366,0,0
0,1,3,0,0,1,102,60121,0,0
1,0,0,4,1,1,101,60745,0,0
1,2,1,4,2,1,102,61698,0,0
2,2,0,4,2,1,102,58268,0,0
2,0,0,4,1,0,101,59051,0,0
1,1,0,2,1,1,100,59280,0,0
0,0,1,3,0,0,101,58706,0,0
0,0,1,2,1,0,102,59002,0,0
0,2,0,3,1,3,101,58496,0,0
0,0,4,3,0,0,103,58207,0,0
3,0,1,2,0,0,101,61096,0,0
0,0,3,3,3,0,101,59414,0,0
0,0,0,4,0,0,102,59462,0,0
0,0,1,3,1,1,102,59207,0,0
2,0,2,3,1,0,101,60717,0,0
1,0,0,4,1,0,102,60623,0,0
1,0,0,2,0,1,102,59143,0,0
1,2,1,5,0,0,101,58209,0,0
1,0,0,4,1,0,102,59057,0,0
1,0,0,4,1,0,101,58850,0,0
0,0,2,3,0,0,102,58497,0,0
3,1,1,3,2,0,102,59334,0,0
0,0,0,4,2,2,101,58641,0,0
0,0,0,4,3,0,103,60122,0,0
1,1,1,3,0,0,101,58874,0,0
1,0,1,3,3,0,101,59865,0,0
1,0,1,2,1,0,102,59583,0,0
1,0,1,3,1,0,101,58861,0,0
4,0,0,2,0,0,102,58338,0,0
2,0,1,2,3,0,101,59503,0,0
1,0,0,4,1,0,101,59178,0,0
1,0,1,3,1,2,102,58830,0,0
0,0,1,3,1,2,102,58556,0,0
1,1,0,4,0,0,102,59188,0,0
3,2,2,5,0,1,102,58295,0,0
1,0,2,3,0,1,102,58268,0,0
0,0,2,3,0,0,103,58445,0,0
1,0,1,3,1,0,101,58545,0,0
2,1,1,3,1,0,101,58308,0,0
0,0,2,3,0,3,104,58291,0,0
1,0,1,4,1,0,105,58330,0,0
0,0,0,3,0,1,102,58911,0,0
2,0,1,3,1,1,101,59023,0,0
1,0,1,3,2,0,102,58360,0,0
1,0,1,3,0,1,102,59405,0,0
2,0,0,3,1,0,102,58606,0,0
1,1,3,4,0,0,101,60445,0,0
0,0,1,2,1,0,102,58694,0,0
2,0,0,5,1,2,101,58751,0,0
0,0,0,3,2,0,102,59002,0,0
0,0,2,2,1,1,102,58501,0,0
1,0,1,3,2,0,101,58854,0,0
0,2,0,3,1,0,102,58454,0,0
0,1,1,3,1,1,102,58303,0,0
2,0,0,4,2,1,101,58370,0,0
1,0,2,3,1,0,102,58472,0,0
1,2,0,3,2,2,102,58688,0,0
0,0,1,2,2,1,102,58480,0,0
0,0,1,3,1,0,103,58808,0,0
1,0,0,3,1,1,102,58498,0,0
1,0,1,4,1,3,101,58451,0,0
1,0,0,2,1,1,102,58421,0,0
2,0,1,3,1,1,101,58721,0,0
2,0,1,4,1,0,101,58642,0,0
3,0,0,2,0,2,102,58521,0,0
1,0,1,3,0,1,102,58346,0,0
1,0,2,3,0,0,101,59707,0,0
0,0,1,2,1,0,102,58527,0,0
3,0,1,2,1,0,101,58650,0,0
1,0,0,4,1,0,102,58410,0,0
3,0,0,3,1,1,101,59014,0,0
1,0,1,3,1,0,102,58103,0,0
1,0,0,3,0,0,102,60486,0,0
1,0,0,4,2,0,102,59206,0,0
1,0,1,4,0,1,101,58286,0,0
1,0,0,3,0,1,102,58607,0,0
0,0,1,2,1,1,102,59267,0,0
1,0,1,4,0,0,101,58391,0,0
1,0,0,3,0,1,102,59113,0,0
1,0,0,3,1,0,101,58187,0,0
1,0,0,3,0,0,101,58506,0,0
0,0,1,2,1,0,102,58521,0,0
2,0,1,3,0,1,102,58388,0,0
1,0,1,4,0,0,92,59737,0,0
1,1,1,3,0,0,92,58457,0,0
2,0,2,3,0,0,94,60370,0,0
0,1,2,3,0,0,97,58518,0,0
0,0,1,4,1,0,99,58350,0,0
1,0,0,3,0,1,100,59400,0,0
1,0,0,3,1,0,101,58953,0,0
1,0,0,4,0,1,101,61219,0,0
2,0,1,5,0,1,103,58872,0,0
1,0,1,3,1,0,103,59052,0,0
2,0,2,4,1,1,102,58704,0,0
1,0,1,3,0,0,102,59884,0,0
2,1,1,3,1,0,102,59191,0,0
1,0,2,3,0,0,103,59658,0,0
2,0,0,2,1,0,102,58908,0,0
0,0,0,2,1,1,102,58990,0,0
0,0,1,3,1,0,101,59345,0,0
3,0,0,3,1,0,101,59506,0,0
1,0,0,4,1,0,102,59728,0,0
0,0,1,2,1,1,96,58312,0,0
1,0,1,3,2,0,95,58117,0,0
1,0,1,4,1,0,96,58783,0,0
1,0,0,5,1,1,101,58375,0,0
1,0,1,4,1,1,103,58127,0,0
1,0,1,3,1,0,103,58289,0,0
2,0,1,3,1,1,103,58259,0,0
1,0,1,3,1,1,102,58274,0,0
1,0,1,2,1,1,103,58266,0,0
1,0,0,3,1,0,103,58144,0,0
1,0,1,3,1,0,101,58500,0,0
0,0,1,2,1,0,102,58202,0,0
1,0,1,4,1,0,102,58260,0,0
0,0,0,3,1,1,102,58463,0,0
2,0,1,3,1,1,102,58368,0,0
1,0,1,2,1,1,101,58373,0,0
2,0,1,5,1,0,101,58254,0,0
0,0,1,3,1,1,102,58292,0,0
1,0,0,4,1,0,102,58195,0,0
1,0,3,3,1,1,101,58756,0,0
0,0,1,3,1,1,102,58374,0,0
2,0,1,3,0,0,102,58323,0,0
2,0,0,3,1,0,102,58592,0,0
1,0,1,3,1,1,102,58343,0,0
1,0,1,3,1,0,101,58280,0,0
2,0,0,3,1,0,100,58167,0,0
0,0,1,4,0,1,102,58270,0,0
1,0,1,3,1,1,102,58322,0,0
1,0,1,3,1,1,101,58571,0,0
0,0,1,3,0,1,102,58728,0,0
1,0,1,3,2,0,101,58257,0,0
1,0,0,3,0,0,101,58322,0,0
1,1,1,2,1,0,101,58749,0,0
1,0,1,3,1,0,102,58306,0,0
2,0,2,3,1,0,101,58273,0,0
2,0,1,4,1,0,102,58445,0,0
0,0,1,3,2,0,101,58680,0,0
1,0,0,3,1,2,101,58552,0,0
1,0,0,3,0,1,101,58320,0,0
0,1,1,3,1,0,101,58326,0,0
3,0,0,3,2,1,102,58305,0,0
0,0,1,3,1,0,101,59171,0,0
0,0,1,3,1,1,102,58539,0,0
4,0,0,3,1,1,101,58271,0,0
2,0,1,5,0,0,101,58220,0,0
0,0,0,2,0,1,102,58288,0,0
2,0,1,3,1,0,102,58935,0,0
1,0,1,3,2,0,102,58708,0,0
1,0,1,3,0,0,102,58405,0,0
1,0,0,3,1,0,102,59045,0,0
1,0,0,3,0,1,102,58473,0,0
0,0,2,3,1,1,101,58350,0,0
1,1,1,3,1,0,101,58540,0,0
0,0,2,4,1,0,102,58361,0,0
1,0,0,3,1,0,101,58497,0,0
1,0,0,4,1,1,103,58254,0,0
0,0,2,5,1,0,103,58278,0,0
0,0,2,2,1,1,99,58400,0,0
0,0,0,3,1,0,100,58592,0,0
2,0,0,4,1,0,101,58415,0,0
1,0,1,4,0,0,102,58580,0,0
1,0,0,3,1,0,103,58648,0,0
1,0,1,3,1,1,102,58276,0,0
1,0,1,3,1,0,102,58377,0,0
0,0,0,5,1,0,101,58396,0,0
1,0,1,5,1,0,100,58289,0,0
1,0,0,5,1,0,102,58410,0,0
1,0,0,5,1,0,103,58385,0,0
1,0,2,3,1,0,103,58328,0,0
1,0,1,4,0,1,102,58342,0,0
1,2,1,3,1,1,101,58272,0,0
2,0,3,3,0,1,101,58290,0,0
1,0,2,3,1,2,101,58305,0,0
0,0,2,2,1,0,102,58320,0,0
0,0,0,3,1,1,101,58183,0,0
1,0,2,4,1,0,102,58315,0,0
1,0,1,3,0,0,101,58507,0,0
1,0,2,2,1,0,101,58457,0,0
2,0,1,3,0,0,102,58307,0,0
1,0,2,3,0,0,102,58238,0,0
2,0,0,3,0,0,102,58289,0,0
1,0,0,3,0,0,102,58294,0,0
0,0,0,3,0,0,102,58438,0,0
1,0,2,3,1,0,102,58212,0,0
1,1,1,3,0,0,101,58355,0,0
0,0,1,2,0,0,102,58269,0,0
2,0,1,3,1,0,102,58205,0,0
0,0,1,3,1,1,102,58289,0,0
2,0,2,3,1,1,101,58229,0,0
1,0,0,3,0,1,101,58615,0,0
1,0,0,3,1,1,101,58501,0,0
0,0,1,3,1,1,101,58258,0,0
1,0,0,3,1,1,101,58420,0,0
1,0,1,3,1,1,101,58632,0,0
1,0,0,2,1,1,101,59158,0,0
1,0,2,3,0,1,101,58503,0,0
1,0,0,3,1,0,102,58421,0,0
0,0,1,4,1,0,102,58180,0,0
1,0,0,4,1,0,101,58384,0,0
1,0,1,3,1,0,101,58343,0,0
1,0,1,3,1,0,101,58245,0,0
2,0,1,3,2,0,101,58226,0,0
0,0,1,4,0,0,102,58119,0,0
0,1,2,3,0,1,102,58595,0,0
1,0,0,3,1,0,102,58580,0,0
2,0,0,2,1,0,101,58228,0,0
0,0,1,3,2,0,102,58287,0,0
1,0,1,3,0,0,102,58115,0,0
3,0,1,4,1,0,101,58242,0,0
1,0,1,2,1,0,101,58122,0,0
1,0,0,3,1,0,101,58602,0,0
0,0,1,3,1,0,102,58307,0,0
1,0,0,3,1,0,101,58312,0,0
0,0,2,3,1,1,102,58457,0,0
0,0,1,3,1,1,102,58336,0,0
1,0,1,2,1,0,102,58356,0,0
0,0,1,2,1,0,102,58419,0,0
2,0,0,2,1,0,101,58243,0,0
0,0,1,3,1,0,102,58352,0,0
0,0,0,3,1,1,101,59300,0,0
1,0,1,3,1,0,102,58284,0,0
2,0,1,3,1,1,101,58637,0,0
0,0,1,3,0,0,102,58549,0,0
1,0,2,3,1,1,100,58499,0,0
1,0,1,3,2,0,101,58699,0,0
0,0,0,3,1,0,100,58319,0,0
1,0,1,2,1,0,103,58933,0,0
0,0,0,3,1,0,101,59189,0,0
0,1,1,2,1,0,100,58366,0,0
0,0,2,3,1,0,101,58862,0,0
2,0,0,3,1,0,103,58464,0,0
0,0,1,2,1,1,102,58327,0,0
3,0,1,4,0,0,101,58317,0,0
1,0,1,2,1,0,103,58230,0,0
1,0,1,3,1,1,102,58635,0,0
0,0,1,3,2,1,101,58563,0,0
2,0,1,3,0,0,102,58406,0,0
1,0,0,4,0,0,103,58818,0,0
2,0,1,3,1,0,102,58329,0,0
0,0,0,3,0,0,102,58588,0,0
1,0,1,4,1,0,101,58302,0,0
1,0,0,2,1,0,101,58583,0,0
0,0,1,1,0,0,103,58243,0,0
1,0,1,3,1,0,102,58490,0,0
0,0,1,3,1,0,101,58452,0,0
1,0,0,2,1,0,102,58321,0,0
1,0,1,3,1,1,102,58327,0,0
1,0,1,2,1,1,101,58319,0,0
2,0,1,3,1,1,102,58309,0,0
1,0,1,2,1,0,101,58559,0,0
1,0,1,3,1,0,101,58131,0,0
0,0,1,3,0,1,102,58315,0,0
0,0,1,4,1,0,101,58262,0,0
0,0,2,3,1,1,102,58604,0,0
2,0,0,3,1,0,102,58284,0,0
2,0,0,3,1,0,101,58337,0,0
1,0,0,3,1,0,102,58993,0,0
1,0,1,3,1,0,101,58462,0,0
1,0,1,3,1,0,102,58864,0,0
1,0,0,3,0,0,102,58403,0,0
1,0,2,4,1,1,101,58371,0,0
0,0,0,3,1,1,101,58595,0,0
1,0,1,2,1,1,101,58942,0,0
2,0,1,3,0,1,102,58284,0,0
0,0,1,2,1,1,101,58429,0,0
1,0,2,4,1,1,101,59074,0,0
2,0,0,3,1,0,102,58216,0,0
1,0,2,3,1,1,102,58189,0,0
1,0,1,4,0,1,102,58323,0,0
1,0,0,3,1,0,101,58815,0,0
1,0,2,3,0,0,101,58296,0,0
1,0,1,4,1,0,102,58440,0,0
1,0,2,3,1,0,101,58132,0,0
0,0,0,4,1,1,102,58266,0,0
1,0,0,3,0,0,102,58278,0,0
1,0,1,3,1,0,102,58294,0,0
1,0,2,4,1,0,102,58099,0,0
1,0,0,3,2,0,102,58367,0,0
0,0,1,3,0,0,102,58315,0,0
1,0,0,3,1,1,102,58359,0,0
1,0,1,3,2,0,102,58670,0,0
0,0,1,4,1,0,102,58469,0,0
0,0,1,3,0,0,102,58563,0,0
0,1,0,3,1,0,102,58642,0,0
1,2,1,3,1,0,102,58462,0,0
0,0,1,3,1,0,101,58375,0,0
1,0,2,3,1,1,102,58564,0,0
1,0,0,3,1,0,102,59139,0,0
1,0,1,3,1,0,101,58255,0,0
1,0,1,3,1,1,102,58524,0,0
1,1,1,3,1,1,101,59060,0,0
2,0,1,4,0,0,102,58332,0,0
1,0,1,3,1,0,102,58577,0,0
1,0,1,3,0,0,101,58300,0,0
1,2,1,3,1,1,103,58719,0,0
0,0,2,3,1,0,103,58298,0,0
1,0,2,3,1,0,101,58755,0,0
1,0,1,3,1,1,102,58460,0,0
1,0,3,3,1,0,104,58368,0,0
0,0,1,1,0,0,102,58332,0,0
0,0,0,3,1,0,101,58805,0,0
2,0,0,3,1,1,102,58251,0,0
1,0,0,3,1,0,102,58948,0,0
3,1,1,3,2,0,101,58325,0,0
0,0,0,3,0,0,103,58171,0,0
0,0,2,2,1,0,102,58429,0,0
1,0,1,3,0,1,102,58437,0,0
1,0,0,3,1,0,102,58387,0,0
1,2,1,3,1,0,102,58508,0,0
1,0,0,3,1,0,101,58219,0,0
0,0,2,3,3,0,102,58367,0,0
1,0,2,3,0,1,102,58538,0,0
0,0,1,3,1,0,102,58160,0,0
1,0,3,3,1,1,102,58869,0,0
1,0,1,3,1,0,104,58274,0,0
1,0,1,3,1,2,101,58491,0,0
1,0,2,4,1,0,102,58851,0,0
0,0,3,3,1,2,102,58569,0,0
1,1,1,3,3,0,102,58409,0,0
1,0,1,3,2,1,102,58882,0,0
1,0,1,3,1,0,101,58595,0,0
2,0,0,3,1,0,101,58209,0,0
2,0,0,5,1,1,102,58303,0,0
0,0,2,5,1,1,102,58373,0,0
1,1,1,3,2,1,102,58779,0,0
2,0,1,2,0,0,102,58229,0,0
0,0,1,2,2,1,102,58324,0,0
1,1,1,3,1,2,102,58599,0,0
1,0,1,2,1,1,102,58381,0,0
1,0,1,3,0,0,102,59062,0,0
2,0,0,3,3,0,102,59438,0,0
1,0,1,4,1,1,102,58271,0,0
3,1,1,3,1,0,102,58424,0,0
1,0,1,2,1,1,101,58355,0,0
1,0,0,4,1,0,102,58057,0,0
1,0,2,4,0,0,102,58266,0,0
2,0,1,2,2,0,102,58998,0,0
3,0,1,3,0,1,102,58505,0,0
2,0,1,3,2,1,102,58718,0,0
1,0,1,3,1,2,101,58490,0,0
0,0,2,4,1,0,102,58697,0,0
1,0,1,3,1,1,101,58402,0,0
0,0,0,3,1,0,101,58249,0,0
2,0,1,3,1,0,102,58153,0,0
0,0,1,3,1,2,101,58513,0,0
1,0,2,3,1,0,101,58269,0,0
1,0,1,3,1,0,101,58368,0,0
0,0,1,3,0,0,102,58343,0,0
1,0,1,3,1,0,102,57877,0,0
0,0,1,3,1,0,102,58782,0,0
1,0,0,3,1,1,101,58600,0,0
1,0,1,3,1,1,102,58166,0,0
1,0,1,3,1,0,101,58179,0,0
1,0,1,3,1,0,102,58249,0,0
2,1,0,3,1,0,102,58272,0,0
1,0,1,3,0,0,101,58186,0,0
2,0,1,2,1,0,102,58227,0,0
0,0,1,3,0,1,102,58398,0,0
1,0,1,4,0,0,102,58265,0,0
1,0,1,3,1,1,101,58439,0,0
1,0,2,3,1,1,102,58510,0,0
1,0,1,4,0,0,102,58418,0,0
2,0,2,3,0,1,102,58170,0,0
1,0,0,2,1,0,102,58519,0,0
1,0,0,2,1,0,101,58496,0,0
1,0,0,3,1,0,102,58886,0,0
1,0,1,2,1,1,101,58211,0,0
1,1,1,3,1,1,102,58493,0,0
0,0,1,2,0,0,102,58322,0,0
1,0,1,3,0,1,102,58239,0,0
1,0,1,4,1,0,101,58154,0,0
0,0,1,4,0,1,102,58147,0,0
1,0,1,4,0,0,101,58373,0,0
1,0,1,2,1,0,102,58330,0,0
2,0,1,2,1,0,102,58635,0,0
1,0,1,3,1,0,102,58221,0,0
1,0,1,4,0,0,101,58372,0,0
1,0,1,3,0,0,102,58449,0,0
1,0,0,2,1,1,101,58211,0,0
1,0,1,3,0,0,101,58427,0,0
2,0,1,3,1,0,101,58263,0,0
0,0,1,3,1,0,102,58051,0,0
1,0,2,3,1,0,101,58038,0,0
1,0,1,3,1,1,101,58509,0,0
0,0,1,2,1,0,102,58207,0,0
1,0,0,3,1,0,101,58423,0,0
1,0,1,3,1,0,102,58214,0,0
0,1,1,3,0,1,102,58293,0,0
1,0,0,2,2,0,102,58277,0,0
1,0,1,3,3,1,102,58255,0,0
1,0,1,4,1,0,102,58750,0,0
1,0,3,3,0,1,102,58299,0,0
3,1,2,3,0,0,101,58306,0,0
0,0,3,4,1,1,102,58754,0,0
0,1,1,3,0,1,102,58388,0,0
1,0,0,3,1,1,101,58933,0,0
1,1,1,3,1,0,102,59351,0,0
0,0,1,3,0,1,102,58155,0,0
1,0,3,2,1,0,101,58490,0,0
2,0,0,3,1,1,102,58657,0,0
0,0,1,3,1,0,101,58251,0,0
0,0,1,5,1,1,102,58315,0,0
1,0,1,4,2,0,102,58617,0,0
0,0,0,4,0,0,101,58203,0,0
1,0,0,3,1,1,102,58767,0,0
3,0,1,5,0,0,102,58490,0,0
1,0,1,3,0,0,103,58163,0,0
0,0,1,3,1,0,102,58483,0,0
1,0,0,3,0,1,102,58172,0,0
1,0,1,3,1,0,102,58846,0,0
1,1,1,3,1,1,102,58598,0,0
2,0,2,3,1,1,101,58249,0,0
1,0,1,3,1,0,102,58315,0,0
2,0,1,4,1,1,103,58594,0,0
1,0,2,3,1,1,101,58301,0,0
0,0,2,3,1,0,101,58288,0,0
2,0,1,2,1,0,102,58272,0,0
2,0,1,3,1,1,102,58477,0,0
1,0,2,2,1,0,102,58317,0,0
2,0,1,3,1,1,102,58478,0,0
0,0,1,4,1,1,101,58208,0,0
1,0,3,3,1,1,102,58526,0,0
2,0,1,2,0,1,102,58193,0,0
1,0,1,3,1,1,102,58256,0,0
2,0,1,2,1,0,102,58240,0,0
1,0,0,3,1,0,102,58687,0,0
1,0,1,4,1,1,102,58252,0,0
1,0,2,5,1,0,102,58273,0,0
1,0,1,3,0,0,102,58582,0,0
1,0,1,4,0,0,102,58346,0,0
1,0,2,2,1,0,103,58862,0,0
1,0,1,3,1,0,102,58354,0,0
1,0,1,3,0,1,102,58346,0,0
1,0,2,3,1,1,101,58494,0,0
1,0,3,3,1,1,102,59145,0,0
0,0,2,3,1,1,101,58441,0,0
2,0,2,4,1,0,101,59226,0,0
0,0,1,2,0,1,102,58488,0,0
1,0,0,3,1,1,100,58298,0,0
1,0,0,3,1,0,100,58666,0,0
1,0,0,3,1,0,102,58426,0,0
2,0,2,3,1,0,102,58353,0,0
1,0,0,4,0,0,102,58834,0,0
0,0,2,3,1,2,101,59140,0,0
1,0,1,4,0,1,102,58387,0,0
2,0,1,3,0,0,101,58492,0,0
1,0,2,3,1,1,102,58251,0,0
0,0,0,3,1,0,102,58185,0,0
2,0,1,3,3,1,102,58732,0,0
1,0,2,3,2,0,102,58368,0,0
2,0,1,3,2,0,102,58280,0,0
1,0,0,4,1,0,101,58319,0,0
0,0,1,3,1,0,102,58414,0,0
0,0,2,3,0,0,102,58563,0,0
1,0,1,3,1,1,102,58351,0,0
1,0,1,3,1,0,101,58588,0,0
1,0,1,3,1,0,102,58354,0,0
1,0,3,3,0,1,102,58379,0,0
2,0,1,5,0,1,102,58321,0,0
0,0,1,5,1,1,102,58288,0,0
0,0,1,2,0,0,102,58441,0,0
1,0,2,4,1,0,101,58292,0,0
1,0,1,3,1,0,101,58341,0,0
0,0,1,3,1,0,103,58337,0,0
1,0,2,3,1,1,100,58406,0,0
1,0,1,3,1,0,101,58238,0,0
2,0,1,3,1,1,102,59037,0,0
1,0,0,4,1,0,102,58211,0,0
1,0,3,4,1,0,102,59042,0,0
0,0,4,3,1,0,102,59131,0,0
0,1,2,3,0,1,102,58448,0,0
1,0,1,3,1,2,101,58359,0,0
2,0,0,4,1,1,101,58466,0,0
0,0,2,3,0,0,102,58820,0,0
1,0,2,3,0,0,102,58255,0,0
1,0,3,3,1,1,101,59161,0,0
2,2,1,3,0,0,103,58221,0,0
0,0,1,1,1,0,102,58266,0,0
1,0,2,2,1,0,102,58458,0,0
1,0,2,3,1,1,102,58698,0,0
1,0,1,3,0,1,102,58382,0,0
1,0,1,3,0,0,102,58446,0,0
1,2,1,3,0,1,102,58694,0,0
1,0,2,3,1,2,102,58667,0,0
1,0,1,3,1,0,101,58318,0,0
2,0,1,2,1,0,102,58926,0,0
0,0,2,3,1,0,102,58659,0,0
3,0,2,3,2,1,102,58537,0,0
1,0,0,3,1,0,103,58114,0,0
1,0,1,3,0,0,102,58368,0,0
1,0,1,1,0,1,102,58210,0,0
0,0,2,2,1,0,102,58434,0,0
1,0,2,4,1,0,102,58558,0,0
1,0,1,4,1,0,100,58130,0,0
5,0,1,2,1,0,102,58224,0,0
2,0,2,3,1,1,101,58223,0,0
1,0,0,3,1,1,101,58509,0,0
1,0,0,4,1,1,101,58254,0,0
1,0,0,3,1,0,104,58530,0,0
0,0,1,3,2,1,102,59202,0,0
1,1,2,2,1,0,102,58817,0,0
2,0,1,3,0,1,102,58301,0,0
2,0,0,3,1,1,102,58730,0,0
1,0,1,3,1,0,102,58289,0,0
0,0,1,3,0,0,100,58304,0,0
0,0,1,3,2,0,102,58395,0,0
2,0,3,3,1,1,102,58715,0,0
0,0,1,3,2,0,102,58573,0,0
2,0,1,3,1,1,101,58618,0,0
2,0,1,4,1,0,102,58340,0,0
0,0,1,3,1,0,102,58790,0,0
1,0,2,3,0,1,102,58296,0,0
2,0,1,3,1,1,102,58136,0,0
3,0,2,3,0,0,102,58159,0,0
2,0,0,3,1,0,102,58052,0,0
1,0,2,2,1,0,102,58232,0,0
1,0,1,3,1,1,102,58303,0,0
1,0,0,3,1,0,102,58287,0,0
1,1,0,3,1,0,102,58811,0,0
2,0,0,3,1,1,102,58715,0,0
0,0,1,4,1,0,103,58776,0,0
1,0,1,3,0,0,102,58874,0,0
1,0,2,4,1,0,103,58235,0,0
1,0,1,3,1,0,101,58239,0,0
0,0,2,3,1,0,102,58249,0,0
1,0,1,3,1,1,101,58787,0,0
1,0,1,3,0,0,102,58187,0,0
1,0,2,2,1,1,102,58398,0,0
2,0,1,4,1,0,101,58371,0,0
1,0,1,3,0,0,102,58207,0,0
1,0,1,2,1,0,102,58559,0,0
0,0,1,3,1,0,102,58268,0,0
1,0,1,4,1,0,102,58600,0,0
1,0,3,2,1,0,101,58301,0,0
1,0,2,4,0,1,102,58380,0,0
1,0,1,3,0,0,102,58240,0,0
2,0,1,3,1,0,102,59182,0,0
0,0,2,3,1,1,103,58161,0,0
1,0,1,3,1,0,101,58573,0,0
1,0,1,3,1,0,102,58704,0,0
1,0,1,2,0,0,101,58369,0,0
1,0,1,3,1,0,101,58400,0,0
1,1,3,3,1,0,102,58152,0,0
1,0,1,3,1,0,101,58319,0,0
2,0,1,3,1,1,102,58767,0,0
0,0,2,3,1,0,101,58276,0,0
1,0,2,3,0,1,102,58464,0,0
1,0,1,3,0,0,101,58571,0,0
1,0,2,3,1,1,102,58416,0,0
0,0,2,3,1,1,101,58273,0,0
1,0,2,3,1,1,102,58362,0,0
1,0,1,3,1,1,102,58357,0,0
0,0,0,2,1,0,103,58244,0,0
2,0,0,3,1,0,102,58214,0,0
1,0,3,3,1,1,102,58254,0,0
2,0,1,4,1,0,101,58354,0,0
1,0,2,4,0,1,102,58329,0,0
1,1,1,3,0,0,102,58596,0,0
1,0,0,4,0,0,101,58315,0,0
0,0,1,2,1,1,102,58330,0,0
0,0,1,3,1,0,102,58305,0,0
2,0,1,3,1,1,102,58578,0,0
1,1,2,3,0,0,102,58290,0,0
1,0,1,3,1,0,102,58541,0,0
1,0,2,3,0,1,102,58226,0,0
2,0,3,4,1,0,102,58415,0,0
1,0,1,3,1,0,102,58573,0,0
2,0,2,3,1,0,102,58244,0,0
1,1,2,4,1,1,102,58553,0,0
1,0,1,3,0,0,102,58497,0,0
1,0,3,4,0,0,101,58467,0,0
0,0,2,4,1,1,102,58828,0,0
1,0,3,3,1,0,102,58349,0,0
0,0,3,3,1,1,102,58562,0,0
1,0,2,2,1,1,102,58270,0,0
2,0,1,3,1,1,101,58220,0,0
0,0,2,2,1,0,101,58291,0,0
1,0,1,3,1,0,102,58387,0,0
2,0,1,3,2,0,101,58433,0,0
1,0,0,3,1,0,102,58276,0,0
1,0,2,1,1,0,101,58818,0,0
1,0,3,3,1,1,103,58259,0,0
0,0,1,1,1,0,102,58625,0,0
1,0,2,4,0,1,102,58311,0,0
1,1,2,4,0,1,102,58258,0,0
1,1,1,3,1,2,102,58575,0,0
1,0,1,2,1,0,102,58406,0,0
2,0,3,3,1,0,102,58217,0,0
2,0,2,1,1,0,101,58418,0,0
1,0,2,4,0,2,101,58797,0,0
1,0,2,3,1,0,102,58643,0,0
1,0,2,3,1,0,102,58584,0,0
1,1,1,4,1,0,101,58847,0,0
1,0,0,3,0,0,102,58352,0,0
1,0,1,3,1,1,102,58284,0,0
1,0,1,3,2,0,102,58294,0,0
1,0,1,4,0,0,103,58617,0,0
2,0,2,4,1,1,102,58614,0,0
0,0,1,3,1,0,102,58218,0,0
4,0,2,3,0,0,102,58555,0,0
1,0,1,3,1,2,101,58324,0,0
2,0,1,3,1,0,104,58243,0,0
0,0,1,3,0,0,102,58248,0,0
0,0,2,3,0,1,102,58334,0,0
0,0,1,2,2,0,101,58304,0,0
0,0,1,2,0,0,102,58213,0,0
0,0,1,3,0,0,102,58251,0,0
1,0,2,3,1,0,101,58303,0,0
2,0,1,4,1,1,102,58391,0,0
4,0,1,3,2,0,102,58392,0,0
1,0,2,3,0,1,101,58270,0,0
0,0,1,2,1,0,100,58182,0,0
1,2,1,3,0,1,101,59125,0,0
1,0,0,4,1,0,101,58219,0,0
0,0,2,3,0,0,102,58222,0,0
3,0,2,3,2,1,102,58656,0,0
1,0,1,4,0,0,103,58330,0,0
0,0,1,3,2,1,102,58342,0,0
1,0,1,5,1,1,102,58403,0,0
2,0,1,2,3,1,101,58630,0,0
1,0,0,3,0,0,103,58448,0,0
1,0,1,3,1,2,101,58916,0,0
0,0,1,3,1,0,102,58379,0,0
1,0,2,3,1,0,102,58458,0,0
1,0,2,4,1,0,101,58153,0,0
1,0,1,3,1,1,102,58844,0,0
2,0,1,3,1,0,102,58227,0,0
1,0,1,3,1,0,102,58653,0,0
0,0,2,3,1,1,101,58302,0,0
1,0,2,3,1,0,101,58275,0,0
1,0,2,4,1,0,102,58311,0,0
1,0,1,3,1,0,102,58285,0,0
1,0,1,4,1,0,102,58390,0,0
0,0,2,3,0,1,102,58343,0,0
1,1,2,3,1,0,102,59100,0,0
1,0,1,4,1,0,101,58370,0,0
0,0,1,3,1,2,101,58501,0,0
1,0,2,2,1,0,101,58396,0,0
0,0,2,3,1,2,101,58445,0,0
1,0,0,4,1,0,102,58054,0,0
2,0,1,3,0,0,102,58241,0,0
1,1,1,3,1,0,102,58336,0,0
1,0,2,3,1,0,102,58183,0,0
1,0,2,3,1,0,101,58341,0,0
0,0,4,3,0,0,102,58964,0,0
1,0,2,3,1,0,102,58234,0,0
0,0,1,3,1,0,101,58270,0,0
1,0,2,3,0,1,102,58406,0,0
1,0,3,3,1,1,102,58353,0,0
0,0,1,4,0,1,102,58415,0,0
0,0,0,3,1,0,102,58453,0,0
2,0,1,3,2,0,101,58243,0,0
1,0,1,3,1,0,101,58362,0,0
0,0,2,4,1,0,102,58060,0,0
2,0,2,4,1,1,102,58256,0,0
1,0,1,3,1,0,101,58262,0,0
0,0,2,2,1,1,102,58409,0,0
0,0,2,3,1,0,102,58208,0,0
0,0,2,3,0,1,101,58587,0,0
2,0,2,3,2,1,102,58156,0,0
1,0,1,3,1,0,101,57983,0,0
1,0,2,3,1,1,102,58328,0,0
1,0,2,3,1,0,102,58327,0,0
0,0,2,2,1,1,101,58368,0,0
1,0,1,3,1,0,102,59057,0,0
2,0,1,2,1,0,101,58669,0,0
1,0,1,3,1,0,102,58442,0,0
1,0,2,3,0,0,102,58372,0,0
2,0,1,3,1,0,102,58209,0,0
1,0,1,2,0,0,101,58613,0,0
2,0,2,3,1,1,102,58291,0,0
0,0,2,3,1,1,101,58043,0,0
2,1,2,3,1,1,101,58673,0,0
2,0,1,3,1,0,102,58215,0,0
1,1,2,4,1,0,101,58357,0,0
2,0,1,3,1,0,102,58289,0,0
1,0,1,3,1,0,102,58659,0,0
0,0,1,3,0,1,102,58298,0,0
1,1,2,3,1,0,102,58177,0,0
0,0,2,3,0,0,101,58534,0,0
1,0,1,3,1,0,102,58560,0,0
1,0,1,4,1,1,102,58263,0,0
1,0,1,2,1,0,101,58198,0,0
1,0,2,2,1,0,101,58284,0,0
2,0,1,2,1,0,103,58462,0,0
1,0,1,3,0,0,102,58322,0,0
0,0,1,3,1,0,101,58322,0,0
1,1,2,2,1,1,101,58244,0,0
2,0,3,3,1,1,103,58289,0,0
2,0,2,3,1,0,102,58241,0,0
1,0,1,3,1,0,102,58392,0,0
1,0,1,3,1,0,102,58715,0,0
1,0,1,3,2,0,102,58259,0,0
1,0,2,2,1,0,102,58207,0,0
1,0,2,2,1,0,101,58379,0,0
1,0,1,3,1,1,102,58237,0,0
0,0,1,3,1,1,101,58735,0,0
1,1,1,4,1,1,103,58428,0,0
1,0,1,3,2,1,101,58327,0,0
0,0,2,3,1,0,102,58268,0,0
1,0,1,4,1,0,102,58316,0,0
0,0,1,2,1,0,102,58491,0,0
2,0,2,3,0,0,100,58157,0,0
1,0,1,2,0,0,102,58744,0,0
1,0,1,3,1,0,101,58417,0,0
0,0,2,2,0,0,100,58243,0,0
0,0,1,3,0,0,100,58411,0,0
0,0,1,2,0,0,101,58366,0,0
0,0,1,4,1,0,101,58562,0,0
2,0,2,2,2,0,101,58590,0,0
0,0,1,2,1,0,101,58655,0,0
0,0,2,2,1,0,101,58384,0,0
1,0,1,3,1,1,101,58217,0,0
1,0,1,1,1,0,101,58832,0,0
0,0,1,4,0,0,100,58215,0,0
0,0,4,3,1,0,102,58384,0,0
1,0,2,2,1,1,100,58217,0,0
0,0,1,2,1,0,100,58468,0,0
0,0,2,2,1,0,102,58336,0,0
2,0,1,2,0,0,101,59157,0,0
0,0,0,3,1,0,102,58368,0,0
0,0,2,3,1,0,102,58475,0,0
1,0,1,4,1,0,101,58770,0,0
1,0,2,2,1,0,102,58367,0,0
0,0,2,2,2,0,101,58244,0,0
0,0,1,3,1,0,101,58373,0,0
1,0,1,2,0,0,101,58412,0,0
0,0,1,3,0,2,101,58381,0,0
1,0,1,3,0,1,102,58894,0,0
1,0,0,2,1,1,99,58582,0,0
1,0,2,2,2,0,101,58678,0,0
1,0,2,3,1,0,101,58599,0,0
0,0,1,3,0,0,101,58355,0,0
1,0,2,3,1,0,101,58310,0,0
1,0,1,2,1,0,102,58476,0,0
1,0,1,2,1,0,101,58270,0,0
1,0,2,2,1,0,101,58555,0,0
0,0,2,2,1,0,101,58419,0,0
1,0,0,4,1,0,101,58352,0,0
0,0,3,3,1,1,99,58553,0,0
0,0,1,1,1,1,101,58647,0,0
1,0,1,3,1,1,101,58449,0,0
0,1,1,2,0,1,101,58155,0,0
1,0,1,2,1,1,100,58399,0,0
1,0,3,2,0,1,101,58604,0,0
1,0,1,4,1,0,101,58787,0,0
1,0,0,3,1,0,101,58211,0,0
1,0,1,2,0,1,100,58483,0,0
0,0,1,1,0,1,101,58991,0,0
1,0,2,3,1,2,101,58367,0,0
2,0,1,3,0,0,101,58199,0,0
0,0,2,3,1,0,101,58640,0,0
1,0,1,3,1,1,101,58700,0,0
1,0,1,2,1,0,100,58374,0,0
1,0,1,3,1,1,101,58504,0,0
0,0,1,4,1,0,101,58795,0,0
1,0,2,2,1,0,101,58557,0,0
0,0,2,3,1,1,101,58338,0,0
1,0,1,3,0,0,101,58552,0,0
1,0,1,2,1,0,100,58843,0,0
2,0,1,2,1,0,101,58314,0,0
0,0,2,4,0,0,101,58165,0,0
0,0,2,3,2,0,101,58375,0,0
0,0,2,2,0,0,102,58322,0,0
0,0,1,3,2,0,101,58500,0,0
0,0,1,3,0,0,101,58476,0,0
1,0,1,2,1,0,100,58150,0,0
0,0,1,2,1,0,101,58501,0,0
0,0,1,2,1,0,101,58160,0,0
2,0,2,3,0,0,101,58988,0,0
1,0,1,3,1,0,101,58240,0,0
1,0,1,3,1,0,100,58154,0,0
0,0,2,3,0,0,101,58471,0,0
1,0,2,3,0,0,101,58360,0,0
1,0,1,2,2,0,102,58906,0,0
1,0,1,2,0,0,101,58885,0,0
1,0,2,2,0,0,101,58539,0,0
0,0,2,4,1,0,101,58374,0,0
0,0,2,3,0,1,101,58381,0,0
1,0,2,1,1,0,101,58688,0,0
1,0,1,2,1,0,101,58299,0,0
0,0,3,3,1,0,102,58581,0,0
1,0,2,3,1,0,101,58337,0,0
0,0,2,3,0,1,102,58360,0,0
0,0,2,1,1,1,101,58710,0,0
0,0,1,2,0,1,101,59423,0,0
0,0,2,3,1,0,101,58323,0,0
1,0,1,2,0,0,101,58250,0,0
1,0,1,2,1,1,101,58871,0,0
0,0,2,3,1,1,101,58300,0,0
1,0,2,1,2,0,101,58592,0,0
1,0,1,3,1,0,101,58523,0,0
1,0,0,3,1,0,100,58347,0,0
1,0,1,2,0,0,101,58365,0,0
0,0,2,3,1,2,101,58364,0,0
1,0,2,2,1,0,100,58444,0,0
2,0,2,2,1,0,102,58354,0,0
0,0,1,4,1,1,101,58738,0,0
1,1,1,3,1,0,101,58446,0,0
0,0,1,2,0,0,101,58205,0,0
0,0,1,2,1,0,101,58329,0,0
1,0,1,2,1,0,101,58365,0,0
0,0,2,2,0,1,101,58291,0,0
0,0,3,3,0,0,102,58594,0,0
1,0,2,3,0,0,101,58117,0,0
1,0,2,3,1,1,101,58328,0,0
1,0,0,3,1,0,100,58246,0,0
1,0,2,2,1,0,101,58299,0,0
0,0,1,2,1,0,102,58535,0,0
0,0,2,3,1,0,101,58369,0,0
0,0,2,3,0,0,101,58184,0,0
1,0,1,3,0,0,101,58591,0,0
1,0,2,2,2,0,101,58506,0,0
1,0,2,2,1,1,101,58305,0,0
0,0,1,3,0,0,102,58577,0,0
1,0,1,2,2,0,101,58436,0,0
0,0,1,3,0,1,101,58476,0,0
0,0,1,2,1,0,101,58365,0,0
0,0,0,3,1,0,100,58524,0,0
0,0,2,2,1,0,101,58325,0,0
1,0,1,3,1,0,102,58333,0,0
1,0,3,3,1,1,101,58395,0,0
3,0,1,2,1,0,101,58450,0,0
1,1,0,3,1,1,102,58297,0,0
0,0,2,2,0,0,101,58322,0,0
0,0,1,2,0,1,101,58817,0,0
0,0,3,2,1,0,101,58339,0,0
1,0,3,3,1,0,100,58539,0,0
2,0,1,3,0,0,102,58375,0,0
0,0,1,2,1,1,101,58403,0,0
1,0,1,3,1,1,101,58323,0,0
1,0,1,2,1,2,100,58305,0,0
0,1,1,3,1,1,101,58228,0,0
2,0,2,3,1,0,101,58249,0,0
1,1,1,3,0,0,101,58281,0,0
0,0,1,4,1,0,101,58612,0,0
1,0,2,3,1,0,101,58718,0,0
1,0,2,4,1,0,102,58538,0,0
0,0,2,3,1,0,101,58393,0,0
1,0,1,3,1,0,101,58442,0,0
0,0,2,3,1,0,102,58919,0,0
0,0,2,3,2,0,101,58268,0,0
0,0,1,2,0,0,100,58785,0,0
0,0,1,3,0,0,101,58315,0,0
1,0,0,3,0,0,100,58693,0,0
2,0,2,1,1,0,101,58379,0,0
1,0,2,3,1,1,101,58184,0,0
1,0,2,2,1,0,101,58762,0,0
0,0,2,3,1,1,101,58755,0,0
2,0,1,3,1,1,101,58176,0,0
0,0,2,3,0,0,101,58306,0,0
0,0,1,4,1,1,100,58370,0,0
1,0,1,2,1,1,101,58402,0,0
1,0,0,3,1,0,101,58546,0,0
0,0,1,2,0,0,100,58592,0,0
0,0,1,2,1,1,101,58560,0,0
1,0,3,3,0,0,102,58327,0,0
0,0,1,3,1,0,101,58725,0,0
0,0,2,3,0,0,101,58474,0,0
0,0,2,3,1,1,101,59042,0,0
0,0,2,3,0,0,101,58732,0,0
0,0,2,3,0,0,101,58817,0,0
0,0,1,3,1,0,101,58157,0,0
0,0,1,2,1,0,101,58941,0,0
1,0,2,2,1,0,101,58644,0,0
0,0,2,2,1,0,101,58296,0,0
1,0,1,3,1,0,101,58296,0,0
1,0,1,2,1,1,100,58483,0,0
0,0,3,2,0,0,101,58497,0,0
1,0,1,3,1,0,101,58320,0,0
0,0,1,3,1,0,102,58230,0,0
1,0,2,3,1,0,101,58594,0,0
0,0,2,2,0,0,101,58215,0,0
0,0,2,2,1,1,101,58410,0,0
0,0,3,2,1,0,101,58741,0,0
0,0,2,3,1,0,102,58562,0,0
1,0,0,3,1,1,101,58471,0,0
0,0,1,2,0,0,101,58304,0,0
0,0,2,3,1,0,101,58437,0,0
1,0,1,3,1,1,101,58942,0,0
1,0,1,3,1,0,100,58427,0,0
1,0,1,3,2,0,101,58341,0,0
0,0,1,3,1,1,101,58357,0,0
0,0,1,3,1,0,100,58306,0,0
0,0,1,3,0,0,101,58146,0,0
1,0,1,3,1,0,100,58410,0,0
0,0,1,2,1,0,101,59005,0,0
0,0,1,2,1,0,101,58382,0,0
1,0,1,3,0,1,101,58102,0,0
0,0,2,1,1,1,101,58231,0,0
2,0,1,3,2,0,101,58540,0,0
0,0,2,2,0,0,101,58329,0,0
1,0,0,3,1,0,101,58273,0,0
1,0,2,2,0,0,101,58401,0,0
1,0,1,3,1,0,101,58496,0,0
1,0,2,2,1,0,101,58573,0,0
0,0,2,2,0,1,101,58243,0,0
1,0,1,3,1,0,101,58918,0,0
1,0,1,3,1,0,100,58738,0,0
0,0,3,2,1,2,101,58782,0,0
0,0,2,1,1,1,100,58296,0,0
1,0,1,2,1,0,101,58601,0,0
0,0,1,3,3,1,102,58846,0,0
0,0,1,2,1,1,103,59000,0,0
2,0,2,3,0,0,101,58907,0,0
1,0,2,3,1,0,101,58461,0,0
0,0,3,3,0,0,101,58392,0,0
1,0,1,2,1,2,101,58664,0,0
2,0,1,4,1,0,101,58286,0,0
0,0,2,2,0,1,101,58317,0,0
0,0,2,3,0,0,101,58268,0,0
1,1,1,3,1,0,101,58354,0,0
0,0,1,3,1,0,101,58287,0,0
0,0,2,3,0,0,101,58609,0,0
0,0,1,2,1,2,101,58667,0,0
1,0,3,3,1,0,102,58650,0,0
1,0,1,4,1,0,101,58579,0,0
0,0,1,3,1,0,101,58473,0,0
2,0,2,3,1,0,101,58673,0,0
0,0,2,3,1,0,101,58353,0,0
1,0,1,3,2,0,101,58401,0,0
1,0,2,3,0,0,101,58433,0,0
1,0,1,4,1,0,101,58758,0,0
0,0,1,2,2,0,101,58202,0,0
1,0,2,4,1,0,101,58571,0,0
0,0,1,3,0,0,101,58306,0,0
0,0,2,2,1,0,101,58539,0,0
0,0,1,2,1,0,101,58235,0,0
0,0,1,3,1,0,101,58448,0,0
2,0,2,3,0,0,101,58577,0,0
1,0,1,3,0,0,101,58574,0,0
0,0,2,3,0,0,101,58886,0,0
0,0,1,3,1,0,101,58534,0,0
1,0,1,2,1,0,101,58184,0,0
2,0,1,2,1,0,101,58528,0,0
1,0,1,3,0,0,101,58300,0,0
1,0,2,3,0,0,101,58316,0,0
2,0,2,2,1,0,101,57916,0,0
1,0,1,3,1,0,102,58322,0,0
1,0,2,2,1,0,100,58413,0,0
1,0,1,2,1,0,100,58649,0,0
1,0,2,2,1,1,101,58562,0,0
1,0,1,3,1,0,101,58314,0,0
0,0,1,3,1,0,101,58379,0,0
0,0,2,3,1,0,101,58397,0,0
1,0,2,3,1,1,101,58544,0,0
0,0,2,3,0,0,101,58435,0,0
1,0,2,3,1,0,101,58269,0,0
1,0,1,2,2,0,101,58330,0,0
1,0,2,1,0,0,101,58842,0,0
1,0,2,2,1,1,100,58268,0,0
1,0,2,3,2,0,101,58752,0,0
0,0,1,2,1,0,100,58582,0,0
1,0,2,3,1,0,100,58474,0,0
1,0,2,3,0,0,101,58314,0,0
0,0,2,1,0,0,102,58587,0,0
1,0,2,2,1,0,100,58176,0,0
1,0,0,2,1,0,100,58593,0,0
1,0,2,2,0,1,102,58429,0,0
1,0,1,2,1,1,101,58794,0,0
1,0,1,3,1,0,101,59237,0,0
1,0,1,3,0,0,101,58706,0,0
1,0,1,3,1,0,101,58663,0,0
0,0,1,3,2,0,100,58355,0,0
0,0,1,2,1,1,99,58574,0,0
0,0,1,3,1,0,101,58688,0,0
0,0,1,3,1,0,101,58369,0,0
1,0,2,3,1,0,101,58452,0,0
1,0,0,3,1,0,102,58239,0,0
0,0,1,3,2,0,101,58899,0,0
0,0,1,3,1,0,102,58158,0,0
1,0,2,2,1,1,101,59126,0,0
1,1,2,2,1,0,101,59030,0,0
1,0,2,3,1,0,101,58833,0,0
0,0,2,3,1,0,101,58669,0,0
1,0,1,4,1,0,101,58103,0,0
1,0,3,2,1,1,101,58514,0,0
0,1,1,2,1,1,101,58304,0,0
3,0,1,3,1,0,101,58575,0,0
1,0,1,3,1,0,102,58794,0,0
2,0,2,2,1,0,101,58539,0,0
0,0,1,1,1,0,101,58672,0,0
0,0,1,2,2,1,101,58888,0,0
0,0,1,3,1,1,101,58391,0,0
1,0,1,3,0,1,101,58182,0,0
1,0,0,2,1,0,100,58315,0,0
1,0,1,2,0,1,101,58169,0,0
0,0,1,3,1,0,102,58236,0,0
0,0,1,3,1,0,101,58273,0,0
2,0,1,2,1,0,101,58612,0,0
1,0,2,2,1,0,101,58704,0,0
0,0,1,2,1,0,101,58422,0,0
0,0,1,3,1,0,101,58875,0,0
1,0,3,3,1,0,103,58676,0,0
1,0,2,3,1,2,100,58608,0,0
1,1,0,3,1,0,101,58246,0,0
2,0,1,2,1,0,101,58771,0,0
1,0,1,2,0,0,102,58466,0,0
1,0,0,3,1,0,100,58348,0,0
1,0,2,2,1,1,101,58749,0,0
3,0,1,3,0,0,102,58417,0,0
2,0,2,2,1,0,101,58124,0,0
0,0,2,1,0,0,101,58727,0,0
0,0,0,3,1,0,102,58325,0,0
1,0,1,3,1,0,101,58137,0,0
0,0,1,4,1,0,100,58819,0,0
1,0,1,3,1,0,101,58508,0,0
0,0,0,3,1,0,102,58303,0,0
1,0,1,3,1,0,100,58252,0,0
1,0,1,2,1,0,101,58481,0,0
0,0,2,3,1,0,101,58184,0,0
0,0,1,3,1,0,101,58710,0,0
0,0,1,3,1,0,102,58490,0,0
0,0,2,3,1,0,101,58258,0,0
0,0,2,3,0,1,101,58425,0,0
0,0,1,2,0,0,101,58229,0,0
1,0,1,2,1,0,101,58204,0,0
1,0,0,3,1,0,101,58296,0,0
0,0,2,2,1,0,101,58224,0,0
0,0,1,3,1,0,101,58273,0,0
0,0,1,3,0,0,101,58237,0,0
0,0,1,3,0,0,101,58693,0,0
0,0,2,2,1,0,100,58565,0,0
0,0,1,3,1,1,100,58510,0,0
2,0,1,3,0,1,101,58362,0,0
1,0,1,3,1,0,101,58602,0,0
1,0,0,3,1,1,101,58318,0,0
0,0,2,2,1,0,101,58776,0,0
1,0,1,3,1,0,101,58943,0,0
0,0,1,2,1,0,101,58428,0,0
2,0,1,3,2,0,98,59054,0,0
1,0,2,3,1,1,100,58702,0,0
2,0,0,3,1,0,100,58421,0,0
0,0,1,2,2,1,100,58766,0,0
0,0,2,3,2,0,101,58338,0,0
0,0,1,3,2,0,101,59444,0,0
1,0,4,2,0,0,102,58666,0,0
0,0,2,3,1,1,102,58662,0,0
1,0,2,2,1,0,100,58617,0,0
0,0,1,2,1,0,101,58909,0,0
1,0,2,2,1,1,100,58408,0,0
0,0,2,3,1,0,101,59110,0,0
0,0,1,2,1,0,101,58572,0,0
1,0,1,3,0,0,101,58222,0,0
1,0,1,2,1,0,101,58304,0,0
1,0,2,3,1,1,101,58925,0,0
0,0,1,2,1,1,101,58282,0,0
1,0,1,3,1,0,101,58948,0,0
1,0,1,3,1,0,101,58383,0,0
0,0,2,3,0,0,101,58467,0,0
0,0,1,3,2,0,100,58455,0,0
0,0,1,3,2,0,101,58664,0,0
0,0,2,2,0,0,102,58592,0,0
1,0,1,2,1,1,101,58428,0,0
0,0,1,3,1,0,101,58576,0,0
1,0,0,3,1,0,101,58368,0,0
0,0,1,2,1,0,101,58376,0,0
1,0,1,2,1,0,101,58695,0,0
1,0,0,3,1,0,99,58525,0,0
1,0,2,3,1,0,100,58875,0,0
0,0,1,3,0,0,101,58447,0,0
1,0,0,3,1,1,101,58326,0,0
1,0,1,4,1,0,101,58793,0,0
1,0,2,2,1,1,100,58548,0,0
1,0,2,2,1,1,101,58229,0,0
0,0,2,3,1,0,101,58651,0,0
0,0,2,1,1,0,102,58426,0,0
1,0,1,3,1,0,101,58535,0,0
0,0,3,3,0,0,101,58385,0,0
0,0,1,3,1,0,101,58992,0,0
0,0,2,3,2,0,103,58588,0,0
0,0,2,2,1,2,101,58329,0,0
0,0,2,3,1,0,101,58878,0,0
0,0,1,3,1,2,100,58514,0,0
1,0,1,2,1,2,100,58592,0,0
1,0,1,2,1,1,101,58311,0,0
1,1,1,3,2,0,101,58446,0,0
0,0,1,1,1,0,101,58542,0,0
0,0,1,2,1,0,101,58364,0,0
0,0,1,3,1,0,101,58562,0,0
0,0,1,2,1,0,101,58590,0,0
0,0,1,3,1,0,101,58530,0,0
0,0,2,3,1,2,101,58542,0,0
1,0,2,3,1,0,101,58406,0,0
1,0,0,3,1,0,100,58617,0,0
1,0,1,3,1,0,101,58274,0,0
2,0,1,2,1,1,100,58545,0,0
0,0,1,3,1,0,98,58475,0,0
1,0,1,3,1,0,101,58315,0,0
0,0,2,4,0,0,101,59150,0,0
0,0,2,2,1,0,101,58310,0,0
1,0,2,3,0,0,100,58709,0,0
0,0,2,2,0,0,101,58410,0,0
0,0,1,2,1,0,101,58544,0,0
0,0,1,2,1,1,101,58303,0,0
1,0,2,3,1,0,101,58220,0,0
0,0,2,2,2,0,100,58484,0,0
0,0,2,2,0,0,101,58337,0,0
0,0,1,2,1,0,101,58559,0,0
0,0,2,3,1,0,100,58246,0,0
1,0,2,3,0,0,100,58475,0,0
0,0,0,3,1,0,102,58293,0,0
0,0,2,3,1,0,101,58268,0,0
0,0,2,3,0,1,101,58185,0,0
1,0,1,3,1,0,101,58248,0,0
0,0,1,2,1,0,100,58227,0,0
0,0,2,3,1,0,101,58836,0,0
0,0,1,4,1,0,101,58718,0,0
1,0,1,3,1,0,101,58769,0,0
1,0,1,3,1,0,101,58360,0,0
0,0,1,2,1,0,101,58898,0,0
0,0,1,2,0,0,102,58396,0,0
0,0,1,3,1,0,100,59065,0,0
0,0,2,1,1,0,101,58720,0,0
1,0,1,2,2,1,101,58485,0,0
0,0,1,1,1,1,100,58407,0,0
0,0,1,2,1,0,100,58931,0,0
1,0,1,3,1,0,100,58675,0,0
1,0,0,3,1,0,102,58505,0,0
0,0,1,3,1,0,101,58266,0,0
1,0,1,3,1,0,101,58100,0,0
0,0,2,3,1,0,102,58459,0,0
0,0,1,3,1,0,101,59130,0,0
0,0,3,3,0,1,102,58504,0,0
0,0,2,2,1,0,101,58706,0,0
1,0,1,3,1,1,100,58177,0,0
1,0,1,2,1,0,101,58326,0,0
1,1,1,3,1,0,101,58444,0,0
1,0,1,3,1,1,101,58379,0,0
1,0,2,2,0,0,102,58537,0,0
2,0,1,3,1,0,100,58971,0,0
0,0,2,3,1,0,101,58613,0,0
0,0,2,2,1,0,101,58143,0,0
0,0,2,2,1,0,101,58340,0,0
1,0,2,3,0,0,101,58308,0,0
0,0,3,2,1,1,101,58065,0,0
0,0,2,3,1,0,100,58573,0,0
0,0,2,2,0,1,101,58702,0,0
1,0,1,3,1,1,101,58640,0,0
0,0,2,2,0,0,101,58238,0,0
0,1,2,3,0,0,101,58329,0,0
1,0,3,2,1,0,100,58540,0,0
0,0,2,2,0,0,101,58442,0,0
1,0,1,2,0,1,101,58139,0,0
0,0,2,2,1,0,101,58360,0,0
1,0,0,3,1,0,101,58452,0,0
1,0,2,3,0,0,101,58417,0,0
0,0,1,2,1,0,100,58715,0,0
1,0,2,2,1,1,101,58319,0,0
0,0,2,2,1,0,102,58553,0,0
1,2,1,3,1,0,101,58426,0,0
0,0,1,1,1,0,101,58754,0,0
0,0,1,2,0,1,102,58393,0,0
0,0,1,2,0,0,102,58399,0,0
0,0,2,3,1,0,101,58336,0,0
1,0,1,3,1,0,101,58312,0,0
1,0,2,3,1,0,101,58785,0,0
1,0,0,2,1,0,101,58354,0,0
0,0,1,3,1,1,101,58865,0,0
1,0,2,3,1,1,101,58528,0,0
0,0,2,2,1,0,100,58516,0,0
0,0,1,2,2,1,100,58818,0,0
0,0,1,1,2,1,101,58787,0,0
0,1,2,3,2,0,100,59140,0,0
0,0,1,3,0,1,101,58387,0,0
0,0,2,3,0,2,101,58398,0,0
1,0,1,2,1,1,101,59334,0,0
1,0,1,3,1,0,100,58316,0,0
0,0,2,2,2,0,101,58996,0,0
1,0,2,2,1,0,101,59006,0,0
0,0,1,1,1,0,101,58176,0,0
1,0,1,3,1,0,102,58553,0,0
1,0,1,3,2,0,100,58709,0,0
0,0,3,2,0,0,101,58719,0,0
0,1,1,2,2,0,101,58319,0,0
1,0,2,3,1,0,101,58301,0,0
1,0,0,3,1,0,101,58368,0,0
1,0,1,3,2,0,101,58371,0,0
1,0,2,2,0,1,101,58367,0,0
1,0,1,3,1,1,100,58608,0,0
0,0,1,3,1,1,100,58347,0,0
0,0,1,3,1,0,101,58535,0,0
1,0,1,3,1,1,100,58545,0,0
0,0,1,2,0,1,101,58223,0,0
1,0,2,3,1,1,101,58368,0,0
0,0,2,2,1,0,101,58510,0,0
1,0,1,3,1,0,101,58357,0,0
1,0,1,3,1,0,102,58231,0,0
1,0,1,3,1,0,101,58730,0,0
0,0,1,3,0,0,101,58194,0,0
0,0,2,2,1,0,101,58267,0,0
0,0,1,3,0,0,100,58558,0,0
0,0,2,3,0,0,101,58398,0,0
0,0,2,2,1,1,101,58166,0,0
1,0,2,3,1,0,101,58370,0,0
0,0,1,2,1,1,101,58593,0,0
0,0,2,3,1,0,101,58311,0,0
0,0,1,2,1,1,101,58547,0,0
1,0,1,3,1,1,101,58392,0,0
1,0,1,3,1,0,101,58422,0,0
0,0,1,2,0,1,101,58421,0,0
0,0,1,2,1,0,100,58857,0,0
1,0,1,2,1,0,102,58395,0,0
0,0,2,2,1,0,101,58217,0,0
0,0,1,4,0,0,101,58552,0,0
0,0,1,2,1,1,102,58784,0,0
1,0,1,2,1,2,101,58835,0,0
0,0,2,2,1,1,100,58254,0,0
1,0,1,3,1,0,100,58298,0,0
1,0,1,3,1,0,98,58392,0,0
0,0,1,2,1,0,100,58957,0,0
0,0,1,2,1,0,101,58573,0,0
0,0,1,2,1,0,101,58358,0,0
0,0,1,2,2,1,100,58230,0,0
2,0,1,3,1,0,100,58476,0,0
1,0,2,3,1,0,101,58397,0,0
0,0,1,2,1,0,101,58161,0,0
0,0,2,4,0,0,102,58411,0,0
0,0,2,3,1,0,101,58582,0,0
1,0,1,2,1,1,100,58331,0,0
0,0,2,3,0,1,101,58713,0,0
0,0,2,2,1,0,100,58475,0,0
1,0,1,2,1,0,101,58881,0,0
1,0,2,3,1,0,100,58479,0,0
0,0,1,2,1,0,101,58308,0,0
0,0,1,2,2,0,101,58425,0,0
1,0,1,3,1,0,100,58673,0,0
0,0,2,2,0,0,101,58516,0,0
0,0,2,3,1,0,101,58289,0,0
0,0,3,2,1,1,100,58862,0,0
1,0,1,3,1,0,101,58255,0,0
1,0,1,3,1,0,101,58396,0,0
0,0,2,2,0,1,101,58938,0,0
1,0,2,3,1,0,100,58187,0,0
1,0,1,3,0,0,101,58622,0,0
0,0,2,3,1,0,100,58745,0,0
1,0,2,2,0,0,102,58698,0,0
0,0,3,2,1,0,102,58535,0,0
0,0,1,3,1,0,102,58398,0,0
0,0,1,3,0,1,101,58329,0,0
0,0,2,3,0,0,100,59011,0,0
2,0,2,1,1,0,101,58606,0,0
0,1,1,2,1,0,100,58574,0,0
0,0,2,2,0,0,100,58499,0,0
1,0,1,3,1,0,100,58762,0,0
2,0,2,3,1,0,101,58893,0,0
1,0,3,2,1,0,101,58627,0,0
0,0,2,2,0,0,100,58334,0,0
3,0,1,2,3,0,101,58722,0,0
2,0,1,2,0,1,101,58483,0,0
1,0,0,3,1,1,101,58386,0,0
0,0,2,3,1,1,101,58501,0,0
1,0,2,3,1,0,100,58292,0,0
0,0,1,3,0,0,101,58382,0,0
0,0,2,3,1,0,101,58274,0,0
0,0,1,1,1,0,101,58765,0,0
1,0,2,3,1,0,102,58421,0,0
0,0,1,2,1,1,100,58314,0,0
2,0,1,4,1,0,101,59120,0,0
0,0,2,2,1,1,101,58510,0,0
1,0,1,2,1,1,100,58345,0,0
1,0,2,3,1,0,102,58360,0,0
1,0,2,2,1,1,100,58477,0,0
3,0,2,4,0,0,101,58720,0,0
1,0,1,2,0,0,102,58519,0,0
1,0,1,2,0,0,101,58436,0,0
0,0,2,1,1,1,101,58825,0,0
0,0,1,3,0,1,101,59022,0,0
2,0,2,4,0,0,101,58832,0,0
0,0,1,3,1,0,101,59268,0,0
0,0,1,4,0,0,101,58583,0,0
1,0,1,1,0,0,100,58434,0,0
1,0,2,1,1,0,101,58700,0,0
1,0,1,2,0,1,100,58372,0,0
1,0,1,2,1,2,101,58258,0,0
0,0,1,1,1,0,101,58950,0,0
1,0,1,1,1,1,101,58215,0,0
1,0,1,3,0,0,101,58559,0,0
2,0,2,3,1,0,101,58174,0,0
0,0,1,3,1,0,101,58673,0,0
1,0,1,3,1,0,100,58100,0,0
0,0,1,2,2,0,100,58744,0,0
0,0,1,3,0,0,101,59036,0,0
0,0,1,3,0,0,101,58496,0,0
0,0,1,4,1,0,101,58493,0,0
1,0,1,3,0,0,100,58459,0,0
0,0,2,2,0,0,101,58326,0,0
1,0,2,3,1,1,101,58178,0,0
0,0,1,3,1,0,101,58421,0,0
1,0,1,2,1,1,100,58402,0,0
0,0,1,3,1,0,100,58205,0,0
0,0,2,2,0,0,101,59170,0,0
0,0,1,2,1,0,101,58232,0,0
0,0,2,3,1,0,100,58563,0,0
0,0,1,3,0,0,101,58214,0,0
0,0,2,2,1,1,101,58723,0,0
