0,0,2,4,0,0,100,58715,0,0
0,0,2,4,0,0,100,58715,0,0
1,0,2,3,0,1,100,58373,0,0
1,0,2,3,0,1,100,58373,0,0
0,0,2,4,1,0,100,58103,0,0
0,0,2,4,1,0,100,58103,0,0
2,0,3,4,0,0,100,58058,0,0
2,0,3,4,0,0,100,58058,0,0
1,3,2,2,1,0,100,58551,0,0
1,3,2,2,1,0,100,58551,0,0
2,0,2,3,0,0,100,59705,0,0
2,0,2,3,0,0,100,59705,0,0
1,0,2,2,2,0,99,58769,0,0
1,0,2,2,2,0,99,58769,0,0
1,1,2,3,1,0,100,58250,0,0
1,1,2,3,1,0,100,58250,0,0
0,1,2,2,1,0,100,58513,0,0
0,1,2,2,1,0,100,58513,0,0
1,0,2,3,0,1,100,58254,0,0
1,0,2,3,0,1,100,58254,0,0
0,0,2,3,2,0,100,58106,0,0
0,0,2,3,2,0,100,58106,0,0
0,0,2,1,1,0,100,58307,0,0
1,0,2,3,1,0,100,58619,0,0
1,0,2,3,1,0,100,58619,0,0
1,0,2,3,2,0,100,58553,0,0
1,0,2,3,2,0,100,58553,0,0
0,1,2,2,1,0,100,58267,0,0
0,1,2,2,1,0,100,58267,0,0
1,0,2,3,1,0,100,58600,0,0
1,0,2,3,1,0,100,58600,0,0
1,0,2,5,1,0,100,58700,0,0
1,0,2,5,1,0,100,58700,0,0
0,0,2,3,1,0,100,58130,0,0
0,0,2,3,1,0,100,58130,0,0
1,0,1,3,0,0,100,58354,0,0
1,0,1,3,0,0,100,58354,0,0
0,2,2,3,0,2,100,58097,0,0
0,2,2,3,0,2,100,58097,0,0
0,1,2,3,2,0,100,58235,0,0
0,1,2,3,2,0,100,58235,0,0
1,0,1,3,1,0,101,58255,0,0
1,0,1,3,1,0,101,58255,0,0
1,0,2,2,0,0,101,58532,0,0
1,0,2,2,0,0,101,58532,0,0
0,0,2,3,1,0,100,58760,0,0
0,0,2,3,1,0,100,58760,0,0
1,0,1,3,2,0,99,58716,0,0
1,0,1,3,2,0,99,58716,0,0
1,0,2,3,1,1,100,58436,0,0
1,0,2,3,1,1,100,58436,0,0
1,0,1,3,0,2,100,58322,0,0
1,0,1,3,0,2,100,58322,0,0
2,0,2,2,1,0,99,58393,0,0
2,0,2,2,1,0,99,58393,0,0
0,0,2,2,2,0,99,58856,0,0
0,0,2,2,2,0,99,58856,0,0
0,0,3,2,1,0,99,58630,0,0
0,0,3,2,1,0,99,58630,0,0
2,0,1,1,0,0,99,58470,0,0
0,0,2,3,1,0,99,58911,0,0
0,0,2,3,1,0,99,58911,0,0
2,0,2,1,1,0,101,58733,0,0
2,0,2,1,1,0,101,58733,0,0
1,0,2,3,1,1,100,58142,0,0
1,0,2,3,1,1,100,58142,0,0
0,1,2,4,0,0,100,59205,0,0
0,1,2,4,0,0,100,59205,0,0
2,0,2,3,2,1,101,58469,0,0
2,0,2,3,2,1,101,58469,0,0
1,0,4,3,0,0,99,58560,0,0
1,0,4,3,0,0,99,58560,0,0
0,0,2,2,1,0,100,58197,0,0
0,0,2,2,1,0,100,58197,0,0
0,0,2,2,1,0,101,58469,0,0
0,0,2,2,1,0,101,58469,0,0
0,0,2,3,2,0,100,58175,0,0
0,0,2,3,2,0,100,58175,0,0
0,0,1,2,0,0,100,58844,0,0
0,0,1,2,0,0,100,58844,0,0
0,0,1,3,0,0,101,58054,0,0
0,0,1,3,0,0,101,58054,0,0
0,0,2,3,0,0,100,58496,0,0
0,0,2,3,0,0,100,58496,0,0
0,0,3,3,1,0,99,58912,0,0
0,0,3,3,1,0,99,58912,0,0
0,0,2,3,0,0,98,58324,0,0
0,0,2,3,0,0,98,58324,0,0
1,0,2,3,2,1,100,58140,0,0
1,0,2,3,2,1,100,58140,0,0
1,0,3,3,0,0,100,58933,0,0
0,0,2,3,0,0,100,57924,0,0
0,0,2,3,0,0,100,57924,0,0
0,0,1,4,1,0,100,58363,0,0
0,0,1,4,1,0,100,58363,0,0
1,0,2,1,1,1,99,58580,0,0
1,0,2,1,1,1,99,58580,0,0
1,0,3,3,1,2,99,58336,0,0
1,0,3,3,1,2,99,58336,0,0
2,0,1,3,1,0,99,58643,0,0
2,0,1,3,1,0,99,58643,0,0
0,1,3,4,2,0,99,58780,0,0
0,1,3,4,2,0,99,58780,0,0
0,0,3,4,1,0,100,58435,0,0
0,0,3,4,1,0,100,58435,0,0
1,0,2,3,1,2,100,58546,0,0
1,0,2,3,1,2,100,58546,0,0
1,0,2,3,1,1,100,58442,0,0
1,0,2,3,1,1,100,58442,0,0
0,0,2,3,1,0,99,58301,0,0
0,0,2,3,1,0,99,58301,0,0
0,0,2,2,0,0,99,58273,0,0
0,0,2,2,0,0,99,58273,0,0
0,0,1,4,2,0,100,58043,0,0
0,0,1,4,2,0,100,58043,0,0
0,0,2,4,1,1,100,59132,0,0
0,0,2,4,1,1,100,59132,0,0
1,0,2,2,0,0,99,58150,0,0
1,0,2,2,0,0,99,58150,0,0
0,0,3,3,0,0,100,58238,0,0
0,0,3,3,0,0,100,58238,0,0
0,0,1,3,0,0,99,58420,0,0
0,0,2,4,1,0,99,58559,0,0
0,0,2,4,1,0,99,58559,0,0
0,0,3,2,0,1,99,58122,0,0
0,0,3,2,0,1,99,58122,0,0
1,0,4,3,1,0,100,58054,0,0
1,0,4,3,1,0,100,58054,0,0
1,0,2,3,0,0,99,58426,0,0
1,0,2,3,0,0,99,58426,0,0
1,0,2,2,0,1,100,58605,0,0
1,0,2,2,0,1,100,58605,0,0
1,0,2,3,1,0,99,58867,0,0
1,0,2,3,1,0,99,58867,0,0
1,1,2,3,1,0,100,58265,0,0
1,1,2,3,1,0,100,58265,0,0
0,1,2,1,1,0,100,58009,0,0
0,1,2,1,1,0,100,58009,0,0
1,0,2,3,1,0,100,58088,0,0
1,0,2,3,1,0,100,58088,0,0
0,1,3,4,1,0,100,58246,0,0
0,1,3,4,1,0,100,58246,0,0
1,0,3,3,1,0,100,58224,0,0
1,0,3,3,1,0,100,58224,0,0
1,0,2,5,1,1,99,58437,0,0
1,0,2,5,1,1,99,58437,0,0
1,1,2,4,1,0,99,58348,0,0
1,1,2,4,1,0,99,58348,0,0
1,0,3,4,0,0,99,58265,0,0
1,0,3,4,0,0,99,58265,0,0
2,0,1,2,1,0,100,58342,0,0
2,0,1,2,1,0,100,58342,0,0
2,0,1,3,0,0,100,58143,0,0
2,0,1,3,0,0,100,58143,0,0
0,0,4,3,0,0,100,58365,0,0
0,0,4,3,0,0,100,58365,0,0
2,0,1,4,0,0,99,58508,0,0
1,0,1,2,0,0,101,58484,0,0
1,0,1,2,0,0,101,58484,0,0
1,0,2,4,0,0,100,58516,0,0
1,0,2,4,0,0,100,58516,0,0
0,0,2,3,0,1,100,58476,0,0
0,0,2,3,0,1,100,58476,0,0
0,0,1,3,1,0,100,58249,0,0
0,0,1,3,1,0,100,58249,0,0
1,0,2,4,1,1,100,58847,0,0
1,0,2,4,1,1,100,58847,0,0
0,2,1,3,1,0,101,58348,0,0
0,2,1,3,1,0,101,58348,0,0
0,0,1,3,2,0,99,58553,0,0
0,0,1,3,2,0,99,58553,0,0
0,1,3,3,0,0,100,58311,0,0
0,1,3,3,0,0,100,58311,0,0
0,0,4,3,1,1,100,58631,0,0
0,0,4,3,1,1,100,58631,0,0
0,1,2,3,2,0,100,58240,0,0
0,1,2,3,2,0,100,58240,0,0
0,1,2,4,0,1,100,58463,0,0
0,1,2,4,0,1,100,58463,0,0
2,0,1,3,0,1,101,58929,0,0
2,0,1,3,0,1,101,58929,0,0
1,0,1,3,0,0,99,58201,0,0
1,0,1,3,0,0,99,58201,0,0
1,0,1,3,1,0,99,58335,0,0
1,0,1,3,1,0,99,58335,0,0
1,0,2,3,2,0,100,58274,0,0
1,0,2,3,2,0,100,58274,0,0
0,0,2,3,2,0,100,58135,0,0
0,0,2,3,2,0,100,58135,0,0
0,0,2,4,1,0,99,58445,0,0
0,0,2,4,1,0,99,58445,0,0
0,0,2,2,0,0,99,58488,0,0
0,0,2,2,0,0,99,58488,0,0
0,1,2,3,1,1,100,58326,0,0
0,1,2,3,1,1,100,58326,0,0
0,0,2,1,0,0,100,58225,0,0
1,0,2,3,1,1,100,58295,0,0
1,0,2,3,1,1,100,58295,0,0
0,0,1,2,1,1,99,57910,0,0
0,0,1,2,1,1,99,57910,0,0
0,0,1,3,0,1,100,58367,0,0
0,0,1,3,0,1,100,58367,0,0
1,0,3,4,2,0,98,58141,0,0
1,0,3,4,2,0,98,58141,0,0
1,0,2,3,2,1,100,58746,0,0
1,0,2,3,2,1,100,58746,0,0
0,0,4,3,0,0,99,58240,0,0
0,0,4,3,0,0,99,58240,0,0
1,0,3,3,2,0,100,58603,0,0
1,0,3,3,2,0,100,58603,0,0
0,0,1,3,0,0,100,58471,0,0
0,0,1,3,0,0,100,58471,0,0
1,0,3,2,2,1,100,58688,0,0
1,0,3,2,2,1,100,58688,0,0
0,0,4,3,0,0,99,58299,0,0
0,0,4,3,0,0,99,58299,0,0
1,0,4,3,1,0,99,58495,0,0
1,0,4,3,1,0,99,58495,0,0
1,1,2,3,1,0,100,59323,0,0
1,1,2,3,1,0,100,59323,0,0
0,0,2,3,1,0,100,58189,0,0
0,0,2,3,1,0,100,58189,0,0
0,0,1,3,0,0,98,58670,0,0
0,0,1,3,0,0,98,58670,0,0
2,0,2,3,2,0,100,58339,0,0
2,0,2,3,2,0,100,58339,0,0
1,0,2,3,1,0,100,58703,0,0
1,0,2,3,1,0,100,58703,0,0
1,0,2,3,0,1,100,59182,0,0
0,0,2,1,1,0,100,58561,0,0
0,0,2,1,1,0,101,58561,0,0
1,0,2,3,1,1,100,58375,0,0
1,0,2,3,1,1,100,58375,0,0
0,0,2,2,1,1,98,58548,0,0
0,0,2,2,1,1,98,58548,0,0
1,1,3,3,1,1,101,58502,0,0
1,1,3,3,1,1,101,58502,0,0
0,0,2,3,0,0,100,58255,0,0
0,0,2,3,0,0,100,58255,0,0
2,0,2,5,0,0,99,58344,0,0
2,0,2,5,0,0,99,58344,0,0
0,0,3,3,1,0,99,58363,0,0
0,0,3,3,1,0,99,58363,0,0
0,0,3,4,1,0,99,58705,0,0
0,0,3,4,1,0,99,58705,0,0
0,0,2,1,0,0,100,58437,0,0
0,0,2,1,0,0,100,58437,0,0
1,0,3,4,0,0,101,58302,0,0
1,0,3,4,0,0,101,58302,0,0
1,0,2,4,1,0,99,58240,0,0
1,0,2,4,1,0,99,58240,0,0
2,0,2,4,1,0,101,58585,0,0
2,0,2,4,1,0,101,58585,0,0
1,2,2,2,2,0,100,58229,0,0
1,2,2,2,2,0,100,58229,0,0
1,0,2,3,2,1,101,58739,0,0
1,0,2,3,2,1,101,58739,0,0
0,1,3,2,2,0,100,58131,0,0
0,1,3,2,2,0,100,58131,0,0
0,0,2,4,1,0,100,58169,0,0
0,0,2,4,1,0,100,58169,0,0
0,0,2,4,0,0,99,58726,0,0
1,0,3,3,0,0,100,58718,0,0
1,0,3,3,0,0,100,58718,0,0
0,0,2,4,0,0,100,58262,0,0
0,0,2,4,0,0,100,58262,0,0
1,0,3,4,0,1,99,58496,0,0
1,0,3,4,0,1,99,58496,0,0
0,2,2,2,2,0,100,58640,0,0
0,2,2,2,2,0,100,58640,0,0
1,1,2,3,0,0,100,58264,0,0
1,1,2,3,0,0,100,58264,0,0
0,0,2,2,1,0,99,58273,0,0
0,0,2,2,1,0,99,58273,0,0
0,0,2,3,1,0,100,58062,0,0
0,0,2,3,1,0,100,58062,0,0
0,0,2,3,0,1,100,58247,0,0
0,0,2,3,0,1,100,58247,0,0
0,0,1,4,1,0,100,57667,0,0
0,0,1,4,1,0,100,57667,0,0
0,0,2,2,0,1,102,58317,0,0
0,0,2,2,0,1,102,58317,0,0
1,0,2,1,1,0,102,58425,0,0
1,0,2,1,1,0,102,58425,0,0
0,0,2,3,1,0,99,58077,0,0
0,0,2,3,1,0,99,58077,0,0
1,1,2,3,1,0,100,58449,0,0
1,1,2,3,1,0,100,58449,0,0
0,0,2,3,0,0,100,59301,0,0
0,0,2,3,0,0,100,59301,0,0
2,0,2,3,2,0,100,58575,0,0
2,0,2,3,2,0,100,58575,0,0
1,2,1,5,0,1,100,58676,0,0
1,0,2,2,1,0,99,58576,0,0
1,0,2,2,1,0,99,58576,0,0
0,0,1,3,1,0,100,58429,0,0
0,0,1,3,1,0,100,58429,0,0
0,0,1,3,1,1,100,59288,0,0
0,0,1,3,1,1,100,59288,0,0
1,0,2,2,1,0,101,59166,0,0
1,0,2,2,1,0,101,59166,0,0
0,0,3,4,0,0,100,58788,0,0
0,0,3,4,0,0,100,58788,0,0
1,0,2,4,1,0,100,58154,0,0
1,0,2,4,1,0,100,58154,0,0
2,0,2,2,1,0,99,58409,0,0
2,0,2,2,1,0,99,58409,0,0
0,0,2,3,0,1,99,58200,0,0
0,0,2,3,0,1,99,58200,0,0
1,0,2,2,1,1,100,58274,0,0
1,0,2,2,1,1,100,58274,0,0
1,0,3,1,0,0,101,58339,0,0
1,0,3,1,0,0,101,58339,0,0
3,0,2,2,0,0,99,58211,0,0
3,0,2,2,0,0,99,58211,0,0
0,0,2,2,1,0,99,58848,0,0
0,0,2,2,1,0,99,58848,0,0
0,0,2,3,2,1,100,58528,0,0
0,0,2,3,2,1,100,58528,0,0
0,0,2,2,1,0,99,58105,0,0
1,0,3,3,0,0,100,58804,0,0
1,0,3,3,0,0,100,58804,0,0
1,0,2,3,0,1,101,58365,0,0
1,0,2,3,0,1,101,58365,0,0
0,0,1,3,1,0,100,58550,0,0
0,0,1,3,1,0,100,58550,0,0
0,0,2,3,1,1,99,58098,0,0
0,0,2,3,1,1,99,58098,0,0
0,0,2,4,1,0,101,58571,0,0
0,0,2,4,1,0,101,58571,0,0
0,0,2,3,0,0,99,58712,0,0
0,0,2,3,0,0,99,58712,0,0
1,0,2,2,0,0,102,58443,0,0
1,0,2,2,0,0,102,58443,0,0
0,2,0,2,0,1,101,58871,0,0
0,2,0,2,0,1,101,58871,0,0
0,0,3,3,1,0,100,58166,0,0
0,0,3,3,1,0,100,58166,0,0
0,0,3,3,1,0,99,59509,0,0
0,0,3,3,1,0,99,59509,0,0
1,0,4,3,1,0,100,58374,0,0
1,0,4,3,1,0,100,58374,0,0
3,0,2,3,0,0,99,58335,0,0
3,0,2,3,0,0,99,58335,0,0
1,0,2,2,0,0,100,58934,0,0
1,0,2,2,0,0,100,58934,0,0
2,0,2,2,2,2,101,58136,0,0
2,0,2,2,2,2,101,58136,0,0
2,0,2,3,1,0,100,58219,0,0
2,0,2,3,1,0,100,58219,0,0
0,0,2,2,0,0,100,58538,0,0
0,0,2,3,1,0,100,58499,0,0
0,0,2,3,1,0,100,58499,0,0
1,0,1,4,1,0,100,58182,0,0
1,0,1,4,1,0,100,58182,0,0
0,0,3,3,0,0,100,58961,0,0
0,0,3,3,0,0,100,58961,0,0
1,0,3,3,1,1,98,58538,0,0
1,0,3,3,1,1,98,58538,0,0
1,0,3,3,0,0,100,58191,0,0
1,0,3,3,0,0,100,58191,0,0
1,0,3,3,0,0,100,58330,0,0
1,0,3,3,0,0,100,58330,0,0
0,0,2,3,0,1,102,58079,0,0
0,0,2,3,0,1,102,58079,0,0
2,0,3,3,0,0,100,58655,0,0
2,0,3,3,0,0,100,58655,0,0
2,2,2,4,0,2,100,58719,0,0
2,2,2,4,0,2,100,58719,0,0
1,1,2,3,0,1,99,58436,0,0
1,1,2,3,0,1,99,58436,0,0
1,0,2,3,1,1,100,58345,0,0
1,0,2,3,1,1,100,58345,0,0
1,0,2,3,2,0,100,58588,0,0
1,0,2,3,2,0,100,58588,0,0
1,0,2,3,1,0,100,58136,0,0
1,0,2,3,1,0,100,58136,0,0
1,0,3,3,0,0,101,58043,0,0
1,0,3,3,0,0,101,58043,0,0
0,0,2,3,1,0,101,58922,0,0
0,0,2,3,1,0,101,58922,0,0
1,0,2,2,1,0,99,58225,0,0
1,0,2,3,1,1,100,58496,0,0
1,0,2,3,1,1,100,58496,0,0
0,0,2,2,0,1,99,58711,0,0
0,0,2,2,0,1,99,58711,0,0
0,1,2,3,0,0,100,58481,0,0
0,1,2,3,0,0,100,58481,0,0
0,2,1,3,0,0,99,59166,0,0
0,2,1,3,0,0,99,59166,0,0
1,1,3,2,0,1,99,58476,0,0
1,1,3,2,0,1,99,58476,0,0
0,0,2,3,1,0,99,58155,0,0
0,0,2,3,1,0,99,58155,0,0
1,0,2,4,1,0,100,58305,0,0
1,0,2,4,1,0,100,58305,0,0
0,0,2,2,0,0,100,59140,0,0
0,0,2,2,0,0,100,59140,0,0
0,0,2,3,1,1,100,58238,0,0
0,0,2,3,1,1,100,58238,0,0
1,0,2,4,0,0,100,58616,0,0
1,0,2,4,0,0,100,58616,0,0
1,0,4,3,1,0,100,58478,0,0
1,0,4,3,1,0,100,58478,0,0
1,0,2,3,1,0,101,58532,0,0
1,0,3,3,2,0,100,58414,0,0
1,0,3,3,2,0,100,58414,0,0
1,0,2,1,2,0,100,58827,0,0
1,0,2,1,2,0,100,58827,0,0
2,0,2,2,0,0,99,58683,0,0
2,0,2,2,0,0,99,58683,0,0
0,0,1,3,2,0,99,58862,0,0
0,0,1,3,2,0,99,58862,0,0
0,0,0,4,0,0,100,58641,0,0
0,0,0,4,0,0,100,58641,0,0
2,0,1,3,1,0,99,58235,0,0
2,0,1,3,1,0,99,58235,0,0
1,0,3,2,1,2,100,58255,0,0
1,0,3,2,1,2,100,58255,0,0
1,0,1,3,1,0,100,58355,0,0
1,0,1,3,1,0,100,58355,0,0
2,0,2,1,1,0,99,59003,0,0
2,0,2,1,1,0,99,59003,0,0
2,0,2,2,1,1,101,59391,0,0
2,0,2,2,1,1,101,59391,0,0
2,0,2,4,1,1,99,58537,0,0
2,0,2,4,1,1,99,58537,0,0
1,0,2,3,1,0,99,58570,0,0
1,0,2,3,1,0,99,58570,0,0
0,2,2,3,0,0,100,59201,0,0
0,2,2,3,0,0,100,59201,0,0
0,0,2,3,1,0,100,58502,0,0
0,0,2,3,1,0,100,58502,0,0
0,0,1,4,0,1,100,58682,0,0
0,0,1,4,0,1,100,58682,0,0
1,1,2,4,0,0,99,58085,0,0
1,1,2,4,0,0,99,58085,0,0
0,0,2,4,1,1,100,58307,0,0
0,0,2,4,1,1,100,58307,0,0
1,0,2,2,1,0,99,58247,0,0
0,0,2,3,1,1,101,58506,0,0
0,0,2,3,1,1,101,58506,0,0
0,0,2,3,0,0,99,58980,0,0
0,0,2,3,0,0,99,58980,0,0
0,0,2,2,1,0,101,58608,0,0
0,0,2,2,1,0,101,58608,0,0
2,1,0,3,2,0,100,58951,0,0
2,1,0,3,2,0,100,58951,0,0
1,0,2,3,0,1,100,58674,0,0
1,0,2,3,0,1,100,58674,0,0
1,0,1,3,1,2,100,58327,0,0
1,0,1,3,1,2,100,58327,0,0
1,0,2,3,2,1,100,59006,0,0
1,0,2,3,2,1,100,59006,0,0
0,0,2,3,2,0,99,58451,0,0
0,0,2,3,2,0,99,58451,0,0
1,0,3,3,0,0,99,58839,0,0
1,0,3,3,0,0,99,58839,0,0
0,0,3,3,1,0,99,58880,0,0
0,0,3,3,1,0,99,58880,0,0
1,1,2,4,0,0,100,58042,0,0
1,1,2,4,0,0,100,58042,0,0
0,2,2,3,1,0,100,59142,0,0
0,2,2,3,1,0,100,59142,0,0
2,0,2,5,1,0,101,58461,0,0
2,0,2,5,1,0,101,58461,0,0
2,1,2,4,0,0,99,58637,0,0
2,1,2,4,0,0,99,58637,0,0
0,0,2,4,1,1,100,58643,0,0
0,0,2,4,1,1,100,58643,0,0
0,0,2,3,0,0,100,58248,0,0
0,0,2,3,0,0,100,58248,0,0
2,0,2,4,1,1,100,58416,0,0
2,0,2,4,1,1,100,58416,0,0
1,0,2,1,0,0,99,58619,0,0
1,0,2,1,0,0,99,58619,0,0
1,0,2,3,1,0,100,58453,0,0
0,0,2,3,1,1,99,58394,0,0
0,0,2,3,1,1,99,58394,0,0
1,1,3,4,2,1,100,58680,0,0
1,1,3,4,2,1,100,58680,0,0
1,0,2,3,1,1,100,58056,0,0
1,0,2,3,1,1,100,58056,0,0
1,0,2,3,0,0,100,58500,0,0
1,0,2,3,0,0,100,58500,0,0
1,0,2,3,1,0,99,58588,0,0
1,0,2,3,1,0,99,58588,0,0
1,0,2,3,1,1,100,58717,0,0
1,0,2,3,1,1,100,58717,0,0
0,0,2,3,0,0,99,58487,0,0
0,0,2,3,0,0,99,58487,0,0
0,0,2,2,1,1,100,58530,0,0
0,0,2,2,1,1,100,58530,0,0
0,0,2,3,1,0,100,58447,0,0
0,0,2,3,1,0,100,58447,0,0
3,0,2,2,1,0,101,57978,0,0
3,0,2,2,1,0,101,57978,0,0
1,0,2,3,1,0,98,57949,0,0
1,0,2,3,1,0,98,57949,0,0
0,1,2,3,2,0,100,58951,0,0
0,1,2,3,2,0,100,58951,0,0
0,0,2,4,1,0,98,57917,0,0
0,0,2,4,1,0,98,57917,0,0
0,1,1,3,1,0,100,58583,0,0
0,1,1,3,1,0,100,58583,0,0
0,0,2,3,0,0,100,58189,0,0
0,0,2,2,1,0,101,58451,0,0
0,0,2,2,1,0,101,58451,0,0
0,0,3,4,2,0,99,58381,0,0
0,0,3,4,2,0,99,58381,0,0
0,0,0,4,0,0,99,59083,0,0
0,0,0,4,0,0,99,59083,0,0
1,0,2,4,1,0,100,58268,0,0
1,0,2,4,1,0,100,58268,0,0
0,1,3,3,1,1,100,58290,0,0
0,1,3,3,1,1,100,58290,0,0
1,0,3,3,1,0,99,58583,0,0
1,0,3,3,1,0,99,58583,0,0
1,0,2,3,1,1,100,58438,0,0
1,0,2,3,1,1,100,58438,0,0
0,0,4,2,0,1,100,58329,0,0
0,0,4,2,0,1,100,58329,0,0
1,0,1,2,2,0,100,58864,0,0
1,0,1,2,2,0,100,58864,0,0
0,1,2,3,0,0,100,57837,0,0
0,1,2,3,0,0,100,57837,0,0
0,0,2,3,0,1,100,58517,0,0
0,0,2,3,0,1,100,58517,0,0
0,0,2,1,1,0,100,58196,0,0
0,0,2,1,1,0,100,58196,0,0
0,1,2,3,0,1,100,58610,0,0
0,1,2,3,0,1,100,58610,0,0
0,0,2,3,1,0,99,58255,0,0
0,0,2,3,1,0,99,58255,0,0
0,0,1,3,2,0,99,58538,0,0
0,0,1,3,2,0,99,58538,0,0
0,0,2,2,0,0,100,58269,0,0
0,0,3,3,0,0,100,58240,0,0
0,0,3,3,0,0,100,58240,0,0
0,0,2,3,0,0,100,58296,0,0
0,0,2,3,0,0,100,58296,0,0
1,0,2,3,1,1,100,58172,0,0
1,0,2,3,1,1,100,58172,0,0
2,0,2,2,0,1,99,58317,0,0
2,0,2,2,0,1,99,58317,0,0
0,1,2,3,0,1,100,58670,0,0
0,1,2,3,0,1,100,58670,0,0
2,0,2,2,0,0,100,58345,0,0
2,0,2,2,0,0,100,58345,0,0
2,0,2,2,1,0,99,58161,0,0
2,0,2,2,1,0,99,58161,0,0
0,0,3,3,0,0,100,58292,0,0
0,0,3,3,0,0,100,58292,0,0
0,0,2,3,1,0,100,58458,0,0
0,0,2,3,1,0,100,58458,0,0
0,0,1,2,1,0,100,58825,0,0
0,0,1,2,1,0,100,58825,0,0
0,0,2,3,2,2,100,58145,0,0
0,0,2,3,2,2,100,58145,0,0
0,0,2,2,1,0,99,58274,0,0
0,0,2,2,1,0,99,58274,0,0
0,0,2,3,0,0,99,58534,0,0
0,0,2,3,0,0,99,58534,0,0
1,0,3,3,0,0,100,58276,0,0
1,0,3,3,0,0,100,58276,0,0
1,0,2,3,0,1,100,58429,0,0
1,0,2,3,0,1,100,58429,0,0
0,1,2,3,0,0,100,58315,0,0
0,1,2,3,0,0,100,58315,0,0
0,0,2,2,1,0,100,59103,0,0
0,0,2,2,1,0,100,59103,0,0
1,0,2,5,1,0,100,58326,0,0
0,0,3,3,1,0,101,58083,0,0
0,0,3,3,1,0,101,58083,0,0
0,1,1,3,0,1,99,58183,0,0
0,1,1,3,0,1,99,58183,0,0
1,1,2,3,2,0,100,58710,0,0
1,1,2,3,2,0,100,58710,0,0
0,0,2,2,1,0,99,58684,0,0
0,0,2,2,1,0,99,58684,0,0
0,0,2,4,2,0,100,59112,0,0
0,0,2,4,2,0,100,59112,0,0
2,0,2,2,0,0,100,58690,0,0
2,0,2,2,0,0,100,58690,0,0
1,0,3,3,1,0,100,58243,0,0
1,0,3,3,1,0,100,58243,0,0
0,0,2,3,1,0,100,59544,0,0
0,0,2,3,1,0,100,59544,0,0
2,0,2,3,0,0,99,59132,0,0
2,0,2,3,0,0,99,59132,0,0
2,0,2,3,0,1,101,57760,0,0
2,0,2,3,0,1,101,57760,0,0
1,0,2,3,1,0,100,58567,0,0
1,0,2,3,1,0,100,58567,0,0
1,2,2,3,0,0,100,58756,0,0
1,2,2,3,0,0,100,58756,0,0
0,0,2,3,2,0,100,57935,0,0
0,0,2,3,2,0,100,57935,0,0
1,0,1,2,1,0,100,58304,0,0
1,0,1,2,1,0,100,58304,0,0
2,2,1,4,1,0,101,58604,0,0
2,2,1,4,1,0,101,58604,0,0
0,0,2,1,0,0,99,59131,0,0
0,0,2,1,0,0,99,59131,0,0
1,0,1,3,0,0,100,58675,0,0
1,1,1,3,1,1,100,58495,0,0
1,1,2,3,1,1,99,58495,0,0
0,0,2,2,1,1,100,58009,0,0
0,0,2,2,1,1,100,58009,0,0
1,0,2,3,0,0,99,59126,0,0
1,0,2,3,0,0,99,59126,0,0
2,0,2,2,0,0,99,58455,0,0
2,0,2,2,0,0,99,58455,0,0
1,1,1,4,2,0,100,58635,0,0
1,1,1,4,2,0,100,58635,0,0
0,0,2,2,1,0,100,58285,0,0
0,0,2,2,1,0,100,58285,0,0
1,0,2,4,0,1,99,58523,0,0
1,0,2,4,0,1,99,58523,0,0
1,0,4,3,1,0,99,58228,0,0
1,0,4,3,1,0,99,58228,0,0
1,0,2,2,0,1,99,58553,0,0
1,0,2,2,0,1,99,58553,0,0
0,2,2,4,0,1,99,58585,0,0
0,2,2,4,0,1,99,58585,0,0
0,2,2,4,1,0,100,58634,0,0
0,2,2,4,1,0,100,58634,0,0
0,0,2,2,0,0,102,58691,0,0
0,0,2,2,0,0,102,58691,0,0
2,0,2,1,1,0,100,58572,0,0
2,0,2,1,1,0,100,58572,0,0
1,0,2,3,1,2,99,58416,0,0
1,0,2,3,1,2,99,58416,0,0
1,0,0,4,1,1,100,59091,0,0
1,0,0,4,1,1,100,59091,0,0
1,0,4,3,2,1,101,58662,0,0
1,0,4,3,2,1,101,58662,0,0
0,0,2,2,1,0,100,58600,0,0
0,0,2,2,0,0,100,59088,0,0
0,0,2,2,0,0,100,59088,0,0
0,0,1,3,0,0,99,58304,0,0
0,0,1,3,0,0,99,58304,0,0
0,0,2,3,0,0,100,58453,0,0
0,0,2,3,0,0,100,58453,0,0
0,1,3,4,0,0,99,59011,0,0
0,1,3,4,0,0,99,59011,0,0
1,1,4,2,2,0,101,58341,0,0
1,1,4,2,2,0,101,58341,0,0
0,0,2,2,0,1,99,58301,0,0
0,0,2,2,0,1,99,58301,0,0
0,0,3,3,0,0,100,58553,0,0
0,0,3,3,0,0,100,58553,0,0
1,1,1,3,1,1,100,58349,0,0
1,1,1,3,1,1,100,58349,0,0
0,0,2,3,2,0,100,58590,0,0
0,0,2,3,2,0,100,58590,0,0
1,0,3,2,0,0,101,58622,0,0
1,0,3,2,0,0,101,58622,0,0
1,0,3,4,0,0,100,58205,0,0
1,0,3,4,0,0,100,58205,0,0
0,0,1,2,0,0,100,58160,0,0
0,0,1,2,0,0,100,58160,0,0
1,0,2,2,1,1,100,58439,0,0
1,0,2,2,1,1,100,58439,0,0
0,0,2,3,1,0,100,57535,0,0
0,0,2,3,1,0,100,57535,0,0
0,0,2,3,1,0,101,58482,0,0
0,0,2,3,1,0,101,58482,0,0
1,0,3,3,0,1,99,58395,0,0
2,0,2,3,1,0,100,58289,0,0
2,0,2,3,1,0,100,58289,0,0
0,0,2,4,1,0,98,58762,0,0
0,0,2,4,1,0,98,58762,0,0
0,0,2,3,1,0,100,58769,0,0
0,0,2,3,1,0,100,58769,0,0
1,1,2,4,1,0,100,58195,0,0
1,1,2,4,1,0,100,58195,0,0
1,0,2,3,0,0,100,58548,0,0
1,0,2,3,0,0,100,58548,0,0
1,1,2,3,2,0,100,57780,0,0
1,1,2,3,2,0,100,57780,0,0
1,0,2,3,1,1,100,58710,0,0
1,0,2,3,1,1,100,58710,0,0
0,0,2,2,1,0,100,58431,0,0
0,0,2,2,1,0,100,58431,0,0
0,0,3,3,2,0,101,58451,0,0
0,0,3,3,2,0,101,58451,0,0
0,0,2,2,1,0,100,58671,0,0
0,0,2,2,1,0,100,58671,0,0
1,0,3,4,1,0,101,58570,0,0
1,0,3,4,1,0,101,58570,0,0
0,0,3,4,0,0,100,58652,0,0
0,0,3,4,0,0,100,58652,0,0
0,0,2,3,1,1,100,58340,0,0
0,0,2,3,1,1,100,58340,0,0
0,0,2,3,1,0,99,58225,0,0
0,0,2,3,1,0,99,58225,0,0
0,0,2,3,1,1,100,58382,0,0
0,0,2,3,1,1,100,58382,0,0
1,0,2,3,1,0,99,58927,0,0
1,0,2,3,1,0,99,58927,0,0
2,0,2,3,1,0,99,58094,0,0
2,0,2,3,1,0,99,58094,0,0
0,0,1,3,1,0,99,58311,0,0
1,0,3,3,1,0,100,58114,0,0
1,0,3,3,1,0,100,58114,0,0
1,0,3,3,1,0,100,58140,0,0
1,0,3,3,1,0,100,58140,0,0
1,0,2,4,1,0,99,58291,0,0
1,0,2,4,1,0,99,58291,0,0
0,0,2,4,0,0,100,58623,0,0
0,0,2,4,0,0,100,58623,0,0
0,0,3,3,1,0,99,58290,0,0
0,0,3,3,1,0,99,58290,0,0
0,0,2,3,1,1,99,58367,0,0
0,0,2,3,1,1,99,58367,0,0
1,0,3,3,1,2,100,58237,0,0
1,0,3,3,1,2,100,58237,0,0
1,0,0,4,1,2,99,58099,0,0
1,0,0,4,1,2,99,58099,0,0
2,0,3,3,1,0,100,58630,0,0
2,0,3,3,1,0,100,58630,0,0
1,0,3,2,2,0,99,58705,0,0
1,0,3,2,2,0,99,58705,0,0
0,0,2,2,0,0,101,58572,0,0
0,0,2,2,0,0,101,58572,0,0
0,0,2,4,0,0,100,58889,0,0
0,0,2,4,0,0,100,58889,0,0
1,0,2,3,2,0,100,58935,0,0
1,0,2,3,2,0,100,58935,0,0
0,0,2,5,0,0,99,59191,0,0
1,0,2,3,3,0,100,58352,0,0
1,0,2,3,3,0,100,58352,0,0
0,1,1,3,0,0,99,58624,0,0
0,1,1,3,0,0,99,58624,0,0
1,3,1,3,1,1,101,58566,0,0
1,3,1,3,1,1,101,58566,0,0
0,0,2,1,1,0,100,59044,0,0
0,0,2,1,1,0,100,59044,0,0
2,0,3,3,1,0,100,57974,0,0
2,0,3,3,1,0,100,57974,0,0
1,0,1,3,0,0,99,58165,0,0
1,0,1,3,0,0,99,58165,0,0
1,0,2,2,0,0,100,59284,0,0
1,0,2,2,0,0,100,59284,0,0
1,0,3,4,0,0,99,58187,0,0
1,0,3,4,0,0,99,58187,0,0
2,0,1,3,1,0,100,58286,0,0
2,0,1,3,1,0,100,58286,0,0
2,0,2,3,0,0,98,58521,0,0
2,0,2,3,0,0,98,58521,0,0
0,0,1,3,1,1,101,58331,0,0
0,0,1,3,1,1,101,58331,0,0
2,0,1,4,0,0,100,58347,0,0
2,0,1,4,0,0,100,58347,0,0
1,0,2,2,1,0,100,59467,0,0
1,0,2,2,1,0,100,59467,0,0
1,0,2,4,1,3,99,58392,0,0
1,0,2,4,1,3,99,58392,0,0
1,0,2,3,1,0,100,58676,0,0
1,0,2,3,1,0,100,58676,0,0
1,2,2,3,0,0,100,58518,0,0
0,0,2,4,1,0,101,58719,0,0
0,0,2,4,1,0,101,58719,0,0
1,0,3,3,0,1,100,58392,0,0
1,0,3,3,0,1,100,58392,0,0
0,0,1,3,0,2,98,58894,0,0
0,0,1,3,0,2,98,58894,0,0
3,0,2,4,1,0,99,58747,0,0
3,0,2,4,1,0,99,58747,0,0
0,0,2,3,0,0,100,59365,0,0
0,0,2,3,0,0,100,59365,0,0
0,0,2,4,1,0,100,58463,0,0
0,0,2,4,1,0,100,58463,0,0
1,0,2,4,1,0,98,58679,0,0
1,0,2,4,1,0,98,58679,0,0
1,0,3,3,1,0,100,59148,0,0
1,0,3,3,1,0,100,59148,0,0
1,1,2,3,1,2,99,57932,0,0
1,1,2,3,1,2,99,57932,0,0
1,0,1,5,1,0,99,58486,0,0
1,0,1,5,1,0,99,58486,0,0
1,0,3,3,1,2,100,58303,0,0
1,0,3,3,1,2,100,58303,0,0
1,0,1,4,0,0,99,58346,0,0
1,0,1,4,0,0,99,58346,0,0
0,0,2,3,1,0,101,58174,0,0
0,0,2,3,1,0,101,58174,0,0
0,0,2,4,0,0,99,58514,0,0
0,0,2,4,0,0,99,58514,0,0
0,0,3,1,2,2,99,58674,0,0
0,0,3,1,2,2,99,58674,0,0
1,0,3,2,0,0,101,58275,0,0
1,0,3,2,0,0,101,58275,0,0
0,1,3,3,1,0,101,58334,0,0
0,1,3,3,1,0,101,58334,0,0
2,0,1,3,0,2,99,58403,0,0
1,0,2,3,1,2,100,58458,0,0
1,0,2,3,1,2,100,58458,0,0
2,0,1,3,0,1,100,58121,0,0
2,0,1,3,0,1,100,58121,0,0
0,0,1,3,1,1,101,58150,0,0
0,0,1,3,1,1,101,58150,0,0
0,0,3,3,1,1,99,58521,0,0
0,0,3,3,1,1,99,58521,0,0
1,0,2,3,1,1,100,58479,0,0
1,0,2,3,1,1,100,58479,0,0
0,0,2,4,1,1,99,58186,0,0
0,0,2,4,1,1,99,58186,0,0
0,0,2,3,1,0,100,58947,0,0
0,0,2,3,1,0,100,58947,0,0
1,0,2,4,0,0,100,58517,0,0
1,0,2,4,0,0,100,58517,0,0
1,0,3,3,1,2,100,58544,0,0
1,0,3,3,1,2,100,58544,0,0
0,0,2,3,0,0,99,58215,0,0
0,0,2,3,0,0,99,58215,0,0
1,0,1,3,1,1,100,58164,0,0
1,0,1,3,1,1,100,58164,0,0
0,0,2,4,1,0,99,58474,0,0
0,0,2,4,1,0,99,58474,0,0
1,0,2,3,1,0,101,58467,0,0
1,0,2,3,1,0,101,58467,0,0
0,0,2,2,1,0,100,58619,0,0
0,0,2,2,1,0,100,58619,0,0
0,0,3,4,1,0,100,58547,0,0
0,0,3,4,1,0,100,58547,0,0
1,0,2,2,0,0,100,58666,0,0
1,0,2,2,0,0,100,58666,0,0
0,1,2,3,0,0,100,58294,0,0
0,1,2,3,0,0,100,58294,0,0
0,0,2,3,1,0,99,58368,0,0
0,0,2,3,1,0,99,58368,0,0
0,0,1,3,1,1,100,58960,0,0
0,0,1,3,1,1,100,58960,0,0
0,0,1,3,2,0,100,58475,0,0
1,0,2,3,1,1,100,58295,0,0
1,0,2,3,1,1,100,58295,0,0
1,0,2,3,0,0,99,58320,0,0
1,0,2,3,0,0,99,58320,0,0
0,1,3,3,1,0,100,58454,0,0
0,1,3,3,1,0,100,58454,0,0
1,0,2,3,0,1,99,59214,0,0
1,0,2,3,0,1,99,59214,0,0
0,0,2,3,1,1,100,58358,0,0
0,0,2,3,1,1,100,58358,0,0
0,0,1,4,0,0,100,58719,0,0
0,0,1,4,0,0,100,58719,0,0
1,0,2,3,0,1,99,58261,0,0
1,0,2,3,0,1,99,58261,0,0
1,0,2,3,1,1,99,58839,0,0
1,0,2,3,1,1,99,58839,0,0
2,0,2,3,0,0,101,58097,0,0
2,0,2,3,0,0,101,58097,0,0
1,1,2,4,1,1,100,58117,0,0
1,1,2,4,1,1,100,58117,0,0
1,1,2,4,0,1,99,58512,0,0
1,1,2,4,0,1,99,58512,0,0
0,0,4,3,0,0,100,58114,0,0
0,0,4,3,0,0,100,58114,0,0
1,0,3,3,0,0,99,58307,0,0
1,0,3,3,0,0,99,58675,0,0
0,0,4,3,1,0,100,58675,0,0
0,0,2,3,1,2,99,58618,0,0
0,0,2,3,1,2,99,58618,0,0
1,0,2,0,0,0,98,59480,0,0
1,0,2,0,0,0,98,59480,0,0
1,0,0,3,0,0,99,58748,0,0
1,0,0,3,0,0,99,58748,0,0
0,1,1,3,1,0,99,58983,0,0
0,1,1,3,1,0,99,58983,0,0
1,0,1,4,1,1,100,58221,0,0
1,0,1,4,1,1,100,58221,0,0
0,0,4,3,0,1,99,58490,0,0
0,0,4,3,0,1,99,58490,0,0
1,0,2,3,0,0,100,57880,0,0
1,0,2,3,0,0,100,57880,0,0
0,0,2,2,0,0,101,58365,0,0
0,0,2,2,0,0,101,58365,0,0
2,0,4,4,1,2,99,58267,0,0
2,0,4,4,1,2,99,58267,0,0
0,0,2,3,0,2,100,58009,0,0
0,0,2,3,0,2,100,58009,0,0
2,0,3,3,1,0,99,58535,0,0
2,0,3,3,1,0,99,58535,0,0
1,0,4,3,0,0,99,58171,0,0
1,0,4,3,0,0,99,58171,0,0
1,0,2,3,0,1,101,58214,0,0
1,0,2,3,0,1,101,58214,0,0
0,0,3,2,0,1,98,58283,0,0
0,0,3,2,0,1,98,58283,0,0
2,2,1,4,1,1,101,58624,0,0
2,2,1,4,1,1,101,58624,0,0
1,0,1,3,1,0,100,58115,0,0
1,0,1,3,1,0,100,58115,0,0
2,0,3,2,1,1,100,58378,0,0
1,0,2,2,1,0,99,59529,0,0
1,0,2,2,1,0,99,59529,0,0
3,0,2,4,0,0,102,58685,0,0
3,0,2,4,0,0,102,58685,0,0
0,0,2,2,1,0,99,58653,0,0
0,0,2,2,1,0,99,58653,0,0
0,0,3,2,1,0,100,58188,0,0
0,0,3,2,1,0,100,58188,0,0
0,0,2,3,1,0,100,58554,0,0
0,0,2,3,1,0,100,58554,0,0
3,0,2,3,1,0,98,58724,0,0
3,0,2,3,1,0,98,58724,0,0
2,0,2,3,0,0,100,58188,0,0
2,0,2,3,0,0,100,58188,0,0
1,2,2,4,1,1,101,58245,0,0
1,2,2,4,1,1,101,58245,0,0
0,0,3,5,0,1,99,58605,0,0
0,0,3,5,0,1,99,58605,0,0
2,0,3,3,1,0,100,58150,0,0
2,0,3,3,1,0,100,58150,0,0
2,0,2,5,0,0,99,58838,0,0
2,0,2,5,0,0,99,58838,0,0
1,0,2,3,0,1,100,58683,0,0
1,0,2,3,0,1,100,58683,0,0
0,1,2,1,1,0,100,58491,0,0
0,1,2,1,1,0,100,58491,0,0
1,0,2,4,1,0,101,58938,0,0
1,0,2,4,1,0,101,58938,0,0
0,0,2,2,0,1,98,58346,0,0
0,0,2,2,0,1,98,58346,0,0
0,0,2,3,1,1,100,58396,0,0
0,0,2,3,1,1,100,58396,0,0
1,0,2,3,1,1,99,58222,0,0
1,2,2,3,1,0,100,58655,0,0
1,2,2,3,1,0,100,58655,0,0
0,0,2,3,0,0,99,59415,0,0
0,0,2,3,0,0,99,59415,0,0
0,0,3,3,3,0,101,58190,0,0
0,0,3,3,3,0,101,58190,0,0
1,0,4,3,0,0,100,58468,0,0
1,0,4,3,0,0,100,58468,0,0
0,0,3,3,1,0,100,58457,0,0
0,0,3,3,1,0,100,58457,0,0
1,0,2,3,0,0,99,58627,0,0
1,0,2,3,0,0,99,58627,0,0
1,0,2,2,2,1,100,59298,0,0
1,0,2,2,2,1,100,59298,0,0
2,0,2,3,0,0,100,58792,0,0
2,0,2,3,0,0,100,58792,0,0
1,0,2,2,3,0,99,58360,0,0
1,0,2,2,3,0,99,58360,0,0
2,1,3,4,1,0,99,58247,0,0
2,1,3,4,1,0,99,58247,0,0
1,0,3,3,1,0,99,58785,0,0
1,0,3,3,1,0,99,58785,0,0
0,0,2,3,0,0,100,58880,0,0
0,0,2,3,0,0,100,58880,0,0
1,0,4,3,0,2,100,58652,0,0
1,0,4,3,0,2,100,58652,0,0
0,0,2,1,0,0,100,58793,0,0
0,0,2,1,0,0,100,58793,0,0
0,0,3,2,1,1,100,58742,0,0
0,0,3,2,1,1,100,58742,0,0
0,0,2,3,1,0,99,58337,0,0
0,0,2,3,1,0,99,58337,0,0
0,0,4,3,1,0,100,57894,0,0
0,0,4,3,1,0,100,57894,0,0
1,0,1,4,1,0,99,58314,0,0
1,0,1,4,1,0,99,58314,0,0
1,0,3,4,1,0,100,58654,0,0
1,0,3,4,1,0,100,58654,0,0
2,0,1,4,0,0,100,58687,0,0
2,0,1,4,0,0,100,58687,0,0
0,0,3,2,1,0,99,58485,0,0
0,0,3,2,1,0,99,58737,0,0
0,0,1,3,1,0,99,58737,0,0
2,0,2,3,1,0,100,59219,0,0
2,0,2,3,1,0,100,59219,0,0
0,0,4,3,0,0,100,58095,0,0
0,0,4,3,0,0,100,58095,0,0
1,0,3,2,1,1,99,58706,0,0
1,0,3,2,1,1,99,58706,0,0
3,0,1,3,0,0,98,58681,0,0
3,0,1,3,0,0,98,58681,0,0
1,0,2,3,0,0,100,58518,0,0
1,0,2,3,0,0,100,58518,0,0
1,0,1,3,2,0,101,58834,0,0
1,0,1,3,2,0,101,58834,0,0
0,0,4,2,1,0,102,58399,0,0
0,0,4,2,1,0,102,58399,0,0
1,0,2,2,1,0,100,58912,0,0
1,0,2,2,1,0,100,58912,0,0
0,0,3,3,1,0,100,58386,0,0
0,0,3,3,1,0,100,58386,0,0
0,0,2,3,0,0,100,59160,0,0
0,0,2,3,0,0,100,59160,0,0
1,0,2,3,1,0,100,58606,0,0
1,0,2,3,1,0,100,58606,0,0
1,1,2,3,1,1,100,58184,0,0
1,1,2,3,1,1,100,58184,0,0
0,1,3,3,1,0,100,58980,0,0
0,1,3,3,1,0,100,58980,0,0
1,0,2,3,0,0,100,58605,0,0
1,0,3,3,1,2,100,58326,0,0
1,0,3,3,1,2,100,58326,0,0
1,0,2,3,0,0,100,58196,0,0
1,0,2,3,0,0,100,58196,0,0
1,0,3,3,1,1,100,58184,0,0
1,0,3,3,1,1,100,58184,0,0
1,0,3,3,3,0,100,58830,0,0
1,0,3,3,3,0,100,58830,0,0
1,0,2,3,0,0,100,58271,0,0
1,0,2,3,0,0,100,58271,0,0
1,0,2,2,1,0,100,58932,0,0
1,0,2,2,1,0,100,58932,0,0
0,0,2,3,1,0,99,58383,0,0
0,0,2,3,1,0,99,58383,0,0
1,1,2,3,0,0,99,58475,0,0
1,1,2,3,0,0,99,58475,0,0
0,1,2,3,2,0,100,58633,0,0
0,1,2,3,2,0,100,58633,0,0
1,0,2,4,0,0,99,58316,0,0
1,0,2,4,0,0,99,58316,0,0
1,0,1,3,1,0,99,58276,0,0
1,0,1,3,1,0,99,58276,0,0
1,1,2,4,1,0,101,58514,0,0
1,1,2,4,1,0,101,58514,0,0
1,0,2,3,0,2,99,58253,0,0
1,0,2,3,0,2,99,58253,0,0
1,0,2,3,0,0,99,58452,0,0
1,0,2,3,0,0,99,58452,0,0
0,0,2,3,1,1,100,58279,0,0
0,0,2,3,1,1,100,58279,0,0
0,0,3,3,0,0,99,58263,0,0
0,0,3,3,0,0,99,58263,0,0
1,0,2,3,0,1,99,58391,0,0
1,0,2,3,0,1,99,58391,0,0
0,0,2,3,0,0,99,59501,0,0
0,0,2,2,1,0,100,58664,0,0
0,0,2,2,1,0,100,58664,0,0
1,0,1,3,1,0,100,58878,0,0
1,0,1,3,1,0,100,58878,0,0
1,0,3,2,1,2,100,58623,0,0
1,0,3,2,1,2,100,58623,0,0
3,1,2,3,0,0,101,58761,0,0
3,1,2,3,0,0,101,58761,0,0
1,0,1,3,1,0,100,58482,0,0
1,0,1,3,1,0,100,58482,0,0
0,0,3,3,0,1,100,58501,0,0
0,0,3,3,0,1,100,58501,0,0
1,0,2,3,0,0,101,58673,0,0
1,0,2,3,0,0,101,58673,0,0
1,2,2,1,1,0,100,58183,0,0
1,2,2,1,1,0,100,58183,0,0
1,0,0,3,1,0,99,58100,0,0
1,0,0,3,1,0,99,58100,0,0
1,0,2,3,1,0,99,58403,0,0
1,0,2,3,1,0,99,58403,0,0
1,0,2,4,1,1,102,58863,0,0
1,0,2,4,1,1,102,58863,0,0
0,0,2,3,0,0,100,58471,0,0
0,0,2,3,0,0,100,58471,0,0
0,2,2,3,1,0,100,58596,0,0
0,0,2,3,0,0,98,58764,0,0
0,0,2,3,0,0,98,58764,0,0
0,0,2,3,1,1,100,58294,0,0
0,0,2,3,1,1,100,58294,0,0
1,0,2,3,0,0,98,58586,0,0
1,0,2,3,0,0,98,58586,0,0
1,0,2,3,1,1,100,58288,0,0
1,0,2,3,1,1,100,58288,0,0
1,0,2,3,1,0,100,58325,0,0
1,0,2,3,1,0,100,58325,0,0
1,0,2,4,1,0,98,58737,0,0
1,0,2,4,1,0,98,58737,0,0
1,1,1,3,1,0,100,58302,0,0
1,1,1,3,1,0,100,58302,0,0
2,0,2,3,1,0,99,58986,0,0
2,0,2,3,1,0,99,58986,0,0
1,0,1,3,0,0,99,58542,0,0
1,0,1,3,0,0,99,58542,0,0
1,1,2,3,2,1,100,58715,0,0
1,1,2,3,2,1,100,58715,0,0
1,0,3,3,1,1,99,58437,0,0
1,0,3,3,1,1,99,58437,0,0
1,0,2,3,1,0,100,58459,0,0
1,0,2,3,1,0,100,58459,0,0
1,0,1,3,0,0,100,58174,0,0
1,0,1,3,0,0,100,58174,0,0
1,0,2,3,1,1,100,58330,0,0
1,0,2,3,1,1,100,58330,0,0
0,0,2,4,0,0,100,58285,0,0
2,0,2,3,1,1,100,58709,0,0
2,0,2,3,1,1,100,58709,0,0
1,0,2,3,0,0,101,58325,0,0
1,0,2,3,0,0,101,58325,0,0
1,0,2,3,1,0,100,58390,0,0
1,0,2,3,1,0,100,58390,0,0
1,0,3,3,1,0,99,58249,0,0
1,0,3,3,1,0,99,58249,0,0
1,0,1,2,1,1,100,58288,0,0
1,0,1,2,1,1,100,58288,0,0
2,0,2,2,1,0,100,58079,0,0
2,0,2,2,1,0,100,58079,0,0
1,0,3,3,1,0,100,58463,0,0
1,0,3,3,1,0,100,58463,0,0
1,0,1,2,0,0,100,58563,0,0
1,0,1,2,0,0,100,58563,0,0
1,0,2,3,1,0,100,58270,0,0
1,0,2,3,1,0,100,58270,0,0
1,0,2,2,2,1,99,58328,0,0
1,0,2,2,2,1,99,58328,0,0
1,0,2,3,0,0,100,58709,0,0
1,0,2,3,0,0,100,58709,0,0
0,0,2,3,0,0,99,57869,0,0
0,0,2,3,0,0,99,57869,0,0
1,0,3,3,1,0,100,58433,0,0
1,0,3,3,1,0,100,58433,0,0
1,0,2,2,1,0,99,58157,0,0
1,0,2,2,1,0,99,58157,0,0
0,0,2,3,1,0,100,58677,0,0
0,0,2,3,1,0,100,58677,0,0
2,0,2,3,0,0,100,58446,0,0
1,0,2,4,1,1,100,58131,0,0
1,0,2,4,1,1,100,58131,0,0
1,0,1,3,1,0,100,58553,0,0
1,0,1,3,1,0,100,58553,0,0
0,0,2,3,0,1,100,57859,0,0
0,0,2,3,0,1,100,57859,0,0
1,0,1,3,1,0,100,58495,0,0
1,0,1,3,1,0,100,58495,0,0
1,0,2,3,2,0,100,59011,0,0
1,0,2,3,2,0,100,59011,0,0
1,1,2,3,0,0,100,59141,0,0
1,1,2,3,0,0,100,59141,0,0
1,0,2,3,0,0,101,58343,0,0
1,0,2,3,0,0,101,58343,0,0
1,0,2,2,1,0,99,58224,0,0
1,0,2,2,1,0,99,58224,0,0
1,0,2,3,1,0,100,58782,0,0
1,0,2,3,1,0,100,58782,0,0
2,0,1,2,0,0,100,58299,0,0
2,0,1,2,0,0,100,58299,0,0
1,0,3,3,0,0,100,59436,0,0
1,0,3,3,0,0,100,59436,0,0
1,2,2,3,0,1,99,58941,0,0
1,2,2,3,0,1,99,58941,0,0
2,0,2,3,1,1,100,58670,0,0
2,0,2,3,1,1,100,58670,0,0
0,0,1,3,1,0,100,58949,0,0
0,0,1,3,1,0,100,58949,0,0
2,0,2,2,1,0,100,59394,0,0
2,0,2,2,1,0,100,59394,0,0
1,0,4,3,0,0,100,59317,0,0
1,0,2,3,1,2,99,58332,0,0
1,0,2,3,1,2,99,58332,0,0
1,0,2,4,0,0,100,58457,0,0
1,0,2,4,0,0,100,58457,0,0
1,0,2,3,0,1,100,59249,0,0
1,0,2,3,0,1,100,59249,0,0
0,0,2,3,0,0,101,58376,0,0
0,0,2,3,0,0,101,58376,0,0
2,0,2,2,1,0,100,58876,0,0
2,0,2,2,1,0,100,58876,0,0
1,1,2,2,1,0,99,58355,0,0
1,1,2,2,1,0,99,58355,0,0
1,0,1,3,1,2,99,58071,0,0
1,0,1,3,1,2,99,58071,0,0
1,0,1,3,1,0,99,58375,0,0
1,0,1,3,1,0,99,58375,0,0
1,1,2,3,0,1,100,58566,0,0
1,1,2,3,0,1,100,58566,0,0
1,0,2,3,0,0,100,58225,0,0
1,0,2,3,0,0,100,58225,0,0
0,0,2,4,1,0,100,58154,0,0
0,0,2,4,1,0,100,58154,0,0
0,0,1,3,0,0,100,58200,0,0
0,0,1,3,0,0,100,58200,0,0
1,0,2,3,0,2,101,58575,0,0
1,0,2,3,0,2,101,58575,0,0
0,0,2,3,0,0,99,58381,0,0
0,0,2,3,0,0,99,58381,0,0
0,0,2,3,1,0,100,58416,0,0
0,0,2,3,1,0,100,58416,0,0
1,0,1,3,0,0,100,58561,0,0
1,0,1,3,0,0,100,58561,0,0
1,1,2,3,1,0,100,58087,0,0
1,1,2,3,1,0,100,58087,0,0
1,0,2,2,0,0,100,58253,0,0
0,0,2,3,2,0,100,58149,0,0
0,0,2,3,2,0,100,58149,0,0
1,1,2,2,1,0,100,58409,0,0
1,1,2,2,1,0,100,58409,0,0
1,0,2,2,1,0,101,58709,0,0
1,0,2,2,1,0,101,58709,0,0
1,0,2,3,1,0,99,58467,0,0
1,0,2,3,1,0,99,58467,0,0
1,0,2,3,1,1,100,58217,0,0
1,0,2,3,1,1,100,58217,0,0
1,0,2,3,1,0,99,58216,0,0
1,0,2,3,1,0,99,58216,0,0
0,0,2,2,1,0,100,58158,0,0
0,0,2,2,1,0,100,58158,0,0
1,0,2,3,0,0,100,58132,0,0
1,0,2,3,0,0,100,58132,0,0
1,0,2,3,0,1,100,58075,0,0
1,0,2,3,0,1,100,58075,0,0
1,0,2,2,0,0,100,58370,0,0
1,0,2,2,0,0,100,58370,0,0
1,0,2,4,1,0,99,58160,0,0
1,0,2,4,1,0,99,58160,0,0
0,0,2,3,1,1,100,58428,0,0
0,0,2,3,1,1,100,58428,0,0
1,0,2,3,1,1,100,58216,0,0
1,0,2,3,1,1,100,58216,0,0
3,0,2,2,1,0,100,58536,0,0
3,0,2,2,1,0,100,58536,0,0
1,1,2,4,1,0,99,58694,0,0
1,1,2,4,1,0,99,58694,0,0
0,0,1,3,0,0,100,58292,0,0
0,0,1,3,0,0,100,58292,0,0
1,0,2,3,1,0,99,58207,0,0
1,0,2,3,1,0,99,58207,0,0
1,0,1,3,2,0,99,59286,0,0
1,0,1,3,2,0,99,59286,0,0
1,0,4,3,1,0,99,58481,0,0
1,0,4,3,1,0,99,58481,0,0
0,1,1,4,1,0,98,58301,0,0
0,1,1,4,1,0,98,58301,0,0
1,0,2,1,0,0,101,58569,0,0
1,0,2,1,0,0,101,58569,0,0
0,1,1,1,1,0,100,58694,0,0
0,0,2,1,2,1,101,59087,0,0
0,0,2,1,2,1,101,59087,0,0
1,0,1,3,3,0,99,57965,0,0
1,0,1,3,3,0,99,57965,0,0
2,0,2,3,1,1,100,58181,0,0
2,0,2,3,1,1,100,58181,0,0
0,0,1,3,0,0,99,58280,0,0
0,0,1,3,0,0,99,58280,0,0
1,0,1,3,1,0,100,58257,0,0
1,0,1,3,1,0,100,58257,0,0
1,1,2,2,0,0,100,58436,0,0
1,1,2,2,0,0,100,58436,0,0
0,1,2,2,1,0,100,57929,0,0
0,1,2,2,1,0,100,57929,0,0
1,1,2,1,1,0,100,58291,0,0
1,1,2,1,1,0,100,58291,0,0
2,0,3,3,0,1,100,59041,0,0
2,0,3,3,0,1,100,59041,0,0
0,1,1,3,1,0,100,58310,0,0
0,1,1,3,1,0,100,58310,0,0
1,1,1,3,1,0,100,58366,0,0
1,1,1,3,1,0,100,58366,0,0
1,1,2,4,0,1,99,58413,0,0
1,1,2,4,0,1,99,58413,0,0
1,0,2,3,3,0,100,58947,0,0
1,0,2,3,3,0,100,58947,0,0
1,0,3,4,0,0,100,58271,0,0
2,0,2,3,1,0,98,58185,0,0
2,0,2,3,1,0,98,58185,0,0
1,0,2,4,0,0,99,58283,0,0
1,0,2,4,0,0,99,58283,0,0
1,0,1,3,1,1,100,58498,0,0
1,0,1,3,1,1,100,58498,0,0
0,0,3,3,0,0,100,57917,0,0
0,0,3,3,0,0,100,57917,0,0
1,0,3,4,1,0,101,58665,0,0
1,0,3,4,1,0,101,58665,0,0
0,0,2,3,1,0,99,58626,0,0
0,0,2,3,1,0,99,58626,0,0
0,0,2,3,0,0,100,58393,0,0
0,0,2,3,0,0,100,58393,0,0
1,0,1,3,1,3,100,58365,0,0
1,0,1,3,1,3,100,58365,0,0
1,0,2,3,1,0,99,58357,0,0
1,0,2,3,1,0,99,58357,0,0
2,1,1,2,0,0,99,58509,0,0
2,1,1,2,0,0,99,58509,0,0
0,1,2,5,1,0,100,58458,0,0
0,1,2,5,1,0,100,58458,0,0
1,0,2,3,2,0,100,59352,0,0
1,0,2,3,2,0,100,59352,0,0
1,0,0,3,1,0,99,58225,0,0
1,0,0,3,1,0,99,58225,0,0
1,0,3,3,0,0,100,58146,0,0
1,0,3,3,0,0,100,58146,0,0
1,0,2,3,1,0,100,58375,0,0
1,0,2,3,1,0,100,58375,0,0
1,0,2,3,1,2,100,58647,0,0
1,0,3,3,1,1,99,58353,0,0
1,0,3,3,1,1,99,58353,0,0
2,0,1,2,0,0,100,58708,0,0
2,0,1,2,0,0,100,58708,0,0
1,0,2,2,1,0,100,58701,0,0
1,0,2,2,1,0,100,58701,0,0
0,0,2,2,1,0,101,58482,0,0
0,0,2,2,1,0,101,58482,0,0
2,0,2,2,1,0,100,58200,0,0
2,0,2,2,1,0,100,58200,0,0
0,2,2,2,2,0,99,58317,0,0
0,2,2,2,2,0,99,58317,0,0
0,0,3,2,1,0,101,58189,0,0
0,0,3,2,1,0,101,58189,0,0
0,0,2,4,1,0,99,58292,0,0
0,0,2,4,1,0,99,58292,0,0
0,0,2,2,1,0,100,58618,0,0
0,0,2,2,1,0,100,58618,0,0
3,1,2,4,1,1,100,58658,0,0
3,1,2,4,1,1,100,58658,0,0
0,0,3,3,0,1,100,59069,0,0
0,0,3,3,0,1,100,59069,0,0
1,0,2,3,0,0,100,58682,0,0
1,0,2,3,0,0,100,58682,0,0
2,0,2,4,1,0,98,58575,0,0
2,0,2,4,1,0,98,58575,0,0
1,1,2,2,0,0,100,58293,0,0
1,1,2,2,0,0,100,58293,0,0
1,0,3,3,1,0,100,58248,0,0
1,0,3,3,1,0,100,58248,0,0
1,1,2,3,1,0,100,58894,0,0
1,0,1,3,2,0,100,58311,0,0
1,0,1,3,2,0,100,58311,0,0
1,0,2,2,1,0,100,59050,0,0
1,0,2,2,1,0,100,59050,0,0
1,0,2,4,1,0,100,58285,0,0
1,0,2,4,1,0,100,58285,0,0
1,0,2,2,0,0,100,59437,0,0
1,0,2,2,0,0,100,59437,0,0
1,0,2,3,2,1,100,58463,0,0
1,0,2,3,2,1,100,58463,0,0
1,1,2,3,0,0,100,58721,0,0
1,1,2,3,0,0,100,58721,0,0
1,0,1,3,1,0,100,59308,0,0
1,0,1,3,1,0,100,59308,0,0
1,0,2,2,0,0,100,58781,0,0
1,0,2,2,0,0,100,58781,0,0
1,0,3,3,1,1,100,58335,0,0
1,0,3,3,1,1,100,58335,0,0
1,1,2,3,1,0,100,58324,0,0
1,1,2,3,1,0,100,58324,0,0
0,0,2,3,1,0,100,58538,0,0
0,0,2,3,1,0,100,58538,0,0
1,1,1,2,0,0,100,58515,0,0
1,1,1,2,0,0,100,58515,0,0
2,0,3,3,0,0,100,58485,0,0
2,0,3,3,0,0,100,58485,0,0
0,0,2,2,1,0,99,59101,0,0
0,0,2,2,1,0,99,59101,0,0
1,0,2,3,0,1,100,58369,0,0
1,0,2,3,0,1,100,58369,0,0
1,0,1,2,0,0,99,58931,0,0
0,0,2,3,1,0,100,58166,0,0
0,0,2,3,1,0,100,58166,0,0
0,0,2,3,0,0,100,58526,0,0
0,0,2,3,0,0,100,58526,0,0
0,0,2,3,0,0,100,58566,0,0
0,0,2,3,0,0,100,58566,0,0
1,0,1,3,0,0,100,58347,0,0
1,0,1,3,0,0,100,58347,0,0
1,0,2,3,0,0,100,58622,0,0
1,0,2,3,0,0,100,58622,0,0
2,0,1,2,1,0,100,58273,0,0
2,0,1,2,1,0,100,58273,0,0
1,0,3,3,1,0,100,58206,0,0
1,0,3,3,1,0,100,58206,0,0
1,0,2,3,1,0,93,58503,0,0
1,0,2,3,1,0,93,58503,0,0
0,0,3,3,0,0,97,58265,0,0
0,0,3,3,0,0,97,58265,0,0
0,0,1,3,0,0,99,58266,0,0
0,0,1,3,0,0,99,58266,0,0
0,0,2,3,0,0,100,58464,0,0
0,0,2,3,0,0,100,58464,0,0
0,0,1,2,0,0,99,58528,0,0
0,0,1,2,0,0,99,58528,0,0
0,1,2,3,0,0,100,58300,0,0
0,1,2,3,0,0,100,58300,0,0
0,0,3,3,1,1,100,58247,0,0
0,0,2,3,1,1,100,58449,0,0
0,0,2,3,1,1,100,58449,0,0
0,0,2,3,2,0,100,58584,0,0
0,0,2,3,2,0,100,58584,0,0
0,0,3,3,1,1,96,58309,0,0
0,0,3,3,1,1,96,58309,0,0
0,0,1,3,0,0,99,58792,0,0
0,0,1,3,0,0,99,58792,0,0
0,0,2,3,1,0,100,58304,0,0
0,0,2,3,1,0,100,58304,0,0
0,1,2,2,0,0,102,58720,0,0
0,1,2,2,0,0,102,58720,0,0
0,0,3,3,1,1,100,58222,0,0
0,0,3,3,1,1,100,58222,0,0
0,0,3,2,1,0,100,58351,0,0
0,0,3,2,1,0,100,58351,0,0
0,0,3,3,0,0,101,58473,0,0
0,0,3,3,0,0,101,58473,0,0
1,0,1,1,0,0,102,58597,0,0
1,0,1,1,0,0,102,58597,0,0
1,0,2,3,1,0,100,58170,0,0
1,0,2,3,1,0,100,58170,0,0
0,0,2,2,1,0,101,58512,0,0
0,0,2,2,1,0,101,58512,0,0
0,0,3,3,1,1,101,58507,0,0
0,0,3,3,1,1,101,58507,0,0
0,0,1,2,0,1,101,58238,0,0
0,0,3,3,0,0,99,58271,0,0
0,0,3,3,0,0,99,58271,0,0
0,1,2,4,0,0,101,58352,0,0
0,1,2,4,0,0,101,58352,0,0
0,0,2,4,0,0,102,58961,0,0
0,0,2,4,0,0,102,58961,0,0
0,0,1,3,0,0,100,57973,0,0
0,0,1,3,0,0,100,57973,0,0
0,0,2,3,0,0,101,58217,0,0
0,0,2,3,0,0,101,58217,0,0
0,0,2,3,0,1,100,58520,0,0
0,0,2,3,0,1,100,58520,0,0
0,0,2,4,1,0,101,59026,0,0
0,0,2,4,1,0,101,59026,0,0
0,0,1,3,2,0,100,58578,0,0
0,0,1,3,2,0,100,58578,0,0
0,0,2,3,0,1,101,58448,0,0
0,0,2,3,0,1,101,58448,0,0
0,0,2,3,1,0,100,58090,0,0
0,0,2,3,1,0,100,58090,0,0
0,1,3,3,2,0,101,58716,0,0
0,1,3,3,2,0,101,58716,0,0
0,1,2,3,0,0,101,59480,0,0
0,1,2,3,0,0,101,59480,0,0
0,1,2,4,0,1,101,58719,0,0
0,1,2,4,0,1,101,58719,0,0
2,0,2,1,1,0,101,58937,0,0
2,0,2,1,1,0,101,58937,0,0
0,1,2,3,1,1,100,58252,0,0
0,1,2,3,1,1,100,58252,0,0
1,0,2,3,1,0,98,58396,0,0
0,0,1,3,1,0,100,59210,0,0
0,0,1,3,1,0,100,59210,0,0
0,1,1,3,0,0,100,59517,0,0
0,1,1,3,0,0,100,59517,0,0
0,0,1,4,1,0,99,58291,0,0
0,0,1,4,1,0,99,58291,0,0
1,0,0,3,0,0,100,58350,0,0
1,0,0,3,0,0,100,58350,0,0
1,0,1,5,0,1,101,58178,0,0
1,0,1,5,0,1,101,58178,0,0
2,0,1,3,1,0,101,58206,0,0
2,0,1,3,1,0,101,58206,0,0
1,0,2,2,1,3,100,58295,0,0
1,0,2,2,1,3,100,58295,0,0
2,0,0,3,0,1,100,58437,0,0
2,0,0,3,0,1,100,58437,0,0
1,0,2,3,0,2,101,58265,0,0
1,0,2,3,0,2,101,58265,0,0
1,2,0,3,1,0,101,58880,0,0
1,2,0,3,1,0,101,58880,0,0
0,0,2,3,1,2,101,58454,0,0
0,0,2,3,1,2,101,58454,0,0
0,0,1,3,0,0,101,58241,0,0
0,0,1,3,0,0,101,58241,0,0
1,0,1,3,1,0,101,58526,0,0
1,0,1,3,1,0,101,58526,0,0
2,1,0,4,0,0,101,58315,0,0
2,1,0,4,0,0,101,58315,0,0
1,0,1,2,1,0,101,58288,0,0
1,0,1,2,1,0,101,58288,0,0
2,0,3,3,0,0,100,58813,0,0
5,0,5,2,1,0,101,58385,0,0
5,0,5,2,1,0,101,58385,0,0
6,0,6,3,1,0,102,58554,0,0
6,0,6,3,1,0,102,58554,0,0
8,0,8,3,0,0,101,58184,0,0
8,0,8,3,0,0,101,58184,0,0
13,1,12,2,0,0,101,58834,0,0
13,1,12,2,0,0,101,58834,0,0
16,0,16,2,1,1,101,58748,0,0
16,0,16,2,1,1,101,58748,0,0
19,1,19,3,1,0,101,58797,0,0
19,1,19,3,1,0,101,58797,0,0
21,0,21,3,1,1,101,58166,0,0
21,0,21,3,1,1,101,58166,0,0
22,0,22,3,1,0,100,58792,0,0
22,0,22,3,1,0,100,58792,0,0
22,0,23,3,1,0,100,58436,0,0
22,0,23,3,1,0,100,58436,0,0
24,0,23,2,0,0,101,58167,0,0
24,0,23,2,0,0,101,58167,0,0
25,0,25,3,1,1,101,58224,0,0
25,0,25,3,1,1,101,58224,0,0
27,1,25,2,1,0,101,58178,0,0
27,1,25,2,1,0,101,58178,0,0
26,0,26,3,1,0,101,58504,0,0
26,0,26,3,1,0,101,58504,0,0
26,0,28,2,0,0,103,58283,0,0
26,0,28,2,0,0,103,58283,0,0
27,0,27,3,1,0,101,58453,0,0
27,0,27,3,1,0,101,58453,0,0
29,0,28,2,1,0,102,57964,0,0
29,0,28,2,1,0,102,57964,0,0
30,0,29,3,1,0,102,58258,0,0
30,0,29,3,1,0,102,58258,0,0
30,1,29,3,0,0,101,58759,0,0
30,1,29,3,2,0,102,58379,0,0
30,1,29,3,2,0,102,58379,0,0
29,0,28,3,0,0,102,58225,0,0
29,0,28,3,0,0,102,58225,0,0
30,0,31,3,0,0,102,58725,0,0
30,0,31,3,0,0,102,58725,0,0
30,0,30,3,0,0,101,58619,0,0
30,0,30,3,0,0,101,58619,0,0
31,0,30,2,0,1,102,58656,0,0
31,0,30,2,0,1,102,58656,0,0
31,0,30,3,0,0,101,58599,0,0
31,0,30,3,0,0,101,58599,0,0
31,0,31,2,1,1,102,57973,0,0
31,0,31,2,1,1,102,57973,0,0
32,1,31,3,0,0,101,59914,0,0
32,1,31,3,0,0,101,59914,0,0
31,0,32,2,1,0,100,58437,0,0
31,0,32,2,1,0,100,58437,0,0
32,1,32,2,1,0,101,58030,0,0
32,1,32,2,1,0,101,58030,0,0
32,0,32,3,1,1,102,58070,0,0
32,0,32,3,1,1,102,58070,0,0
32,0,32,2,0,0,101,58433,0,0
32,0,32,2,0,0,101,58433,0,0
33,1,33,3,2,1,102,58753,0,0
33,1,33,3,2,1,102,58753,0,0
34,0,33,2,1,0,101,58532,0,0
34,0,33,2,1,0,101,58532,0,0
33,0,34,3,1,0,103,58391,0,0
33,0,34,3,1,0,103,58391,0,0
33,0,33,4,0,0,102,59038,0,0
33,0,33,4,0,0,102,59038,0,0
33,1,33,3,1,0,102,58331,0,0
33,1,33,3,1,0,102,58331,0,0
33,1,33,3,1,0,102,58809,0,0
33,0,33,4,2,0,101,58839,0,0
33,0,33,4,2,0,101,58839,0,0
35,0,32,3,1,0,101,58369,0,0
35,0,32,3,1,0,101,58369,0,0
34,0,34,4,1,1,102,58598,0,0
34,0,34,4,1,1,102,58598,0,0
33,1,33,3,1,0,102,58429,0,0
33,1,33,3,1,0,102,58429,0,0
34,0,32,3,1,0,102,58287,0,0
34,0,32,3,1,0,102,58287,0,0
34,0,34,3,1,1,102,58483,0,0
34,0,34,3,1,1,102,58483,0,0
34,0,35,3,1,1,102,58189,0,0
34,0,35,3,1,1,102,58189,0,0
35,0,35,3,0,1,103,58211,0,0
35,0,35,3,0,1,103,58211,0,0
34,0,35,3,0,0,102,58198,0,0
34,0,35,3,0,0,102,58198,0,0
35,0,34,3,0,0,101,58259,0,0
35,0,34,3,0,0,101,58259,0,0
35,0,34,3,1,0,102,58255,0,0
35,0,34,3,1,0,102,58255,0,0
34,0,34,3,0,0,102,58483,0,0
34,0,34,3,0,0,102,58483,0,0
35,0,36,3,1,1,103,58269,0,0
35,0,36,3,1,1,103,58269,0,0
15,1,13,3,15,0,92,58413,0,0
15,1,13,3,15,0,92,58413,0,0
5,1,5,3,11,1,100,58717,0,0
5,1,5,3,11,1,100,58717,0,0
7,0,6,2,2,0,96,58298,0,0
7,0,6,2,2,0,96,58298,0,0
10,0,10,2,2,0,100,58334,0,0
10,0,10,2,2,0,100,58334,0,0
13,0,12,2,1,0,102,58976,0,0
15,0,16,2,1,0,101,58073,0,0
15,0,16,2,1,0,101,58073,0,0
16,0,16,3,0,0,94,58587,0,0
16,0,16,3,0,0,94,58587,0,0
10,0,10,3,14,1,99,58205,0,0
10,0,10,3,14,1,99,58205,0,0
8,0,6,3,6,1,93,58436,0,0
8,0,6,3,6,1,93,58436,0,0
10,1,10,3,3,1,100,58121,0,0
10,1,10,3,3,1,100,58121,0,0
12,0,12,3,1,0,101,58216,0,0
12,0,12,3,1,0,101,58216,0,0
14,0,14,3,1,0,102,58393,0,0
14,0,14,3,1,0,102,58393,0,0
15,0,15,2,0,0,101,58678,0,0
15,0,15,2,0,0,101,58678,0,0
16,0,17,3,1,1,102,58280,0,0
16,0,17,3,1,1,102,58280,0,0
18,0,17,3,0,0,101,58382,0,0
18,0,17,3,0,0,101,58382,0,0
17,0,19,4,1,0,93,58648,0,0
17,0,19,4,1,0,93,58648,0,0
11,0,12,2,10,0,97,58264,0,0
11,0,12,2,10,0,97,58264,0,0
12,0,12,2,0,0,97,58327,0,0
12,0,12,2,0,0,97,58327,0,0
12,1,13,2,0,0,99,58368,0,0
12,1,13,2,0,0,99,58368,0,0
14,0,15,3,0,0,101,58452,0,0
14,0,15,3,0,0,101,58452,0,0
15,0,15,2,1,0,101,58773,0,0
15,0,15,2,1,0,101,58773,0,0
17,0,16,4,0,2,100,58199,0,0
17,0,16,3,2,0,100,58311,0,0
17,0,17,3,2,0,100,58311,0,0
18,0,20,3,0,1,100,58414,0,0
18,0,20,3,0,1,100,58414,0,0
19,0,19,3,0,1,100,58625,0,0
19,0,19,3,0,1,100,58625,0,0
20,0,21,3,0,0,101,58228,0,0
20,0,21,3,0,0,101,58228,0,0
21,0,19,3,0,0,100,58358,0,0
21,0,19,3,0,0,100,58358,0,0
20,0,21,2,0,0,99,57744,0,0
20,0,21,2,0,0,99,57744,0,0
21,0,22,3,0,0,100,58779,0,0
21,0,22,3,0,0,100,58779,0,0
23,0,22,4,0,0,101,58526,0,0
23,0,22,4,0,0,101,58526,0,0
21,0,22,3,0,0,101,58621,0,0
21,0,22,3,0,0,101,58621,0,0
21,0,23,2,1,0,100,58212,0,0
21,0,23,2,1,0,100,58212,0,0
23,0,23,2,0,1,100,58684,0,0
23,0,23,2,0,1,100,58684,0,0
19,1,19,3,30,0,95,58242,0,0
19,1,19,3,30,0,95,58242,0,0
17,0,16,3,10,0,96,58569,0,0
17,0,16,3,10,0,96,58569,0,0
18,0,18,3,8,1,101,58365,0,0
18,0,18,3,8,1,101,58365,0,0
19,0,18,3,5,0,101,58485,0,0
19,0,18,3,5,0,101,58485,0,0
18,1,20,4,4,0,101,58905,0,0
18,2,20,4,4,0,101,58905,0,0
20,2,20,2,6,0,100,59128,0,0
19,0,21,4,4,0,100,58890,0,0
19,0,21,4,4,0,100,58890,0,0
21,0,20,3,4,0,100,59124,0,0
21,0,20,3,4,0,100,59124,0,0
21,0,21,3,4,0,100,58243,0,0
21,0,21,3,4,0,100,58243,0,0
24,0,21,3,3,1,100,58444,0,0
24,0,21,3,3,1,100,58444,0,0
21,1,22,2,3,0,101,58560,0,0
21,1,22,2,3,0,101,58560,0,0
25,0,22,2,3,0,98,58731,0,0
25,0,22,2,3,0,98,58731,0,0
22,0,22,3,2,0,100,58272,0,0
22,0,22,3,2,0,100,58272,0,0
23,0,23,3,1,0,100,58861,0,0
23,0,23,3,1,0,100,58861,0,0
22,0,24,3,0,1,101,58159,0,0
22,0,24,3,0,1,101,58159,0,0
24,0,24,3,2,0,100,58188,0,0
24,0,24,3,2,0,100,58188,0,0
24,0,24,3,2,0,101,58846,0,0
24,0,24,3,2,0,101,58846,0,0
24,0,24,3,1,0,101,58327,0,0
24,0,24,3,1,0,101,58327,0,0
24,1,25,3,0,1,101,58465,0,0
24,1,25,3,0,1,101,58465,0,0
24,0,24,3,1,0,101,58735,0,0
24,0,24,3,1,0,101,58735,0,0
25,0,25,2,2,0,102,58728,0,0
25,0,25,2,2,0,102,58728,0,0
25,0,25,2,2,0,101,58666,0,0
25,0,25,2,2,0,101,58666,0,0
27,0,26,3,1,0,101,58377,0,0
27,0,26,3,1,0,101,58377,0,0
26,0,25,3,0,1,101,59216,0,0
25,1,26,3,0,0,102,58477,0,0
25,1,26,3,0,0,102,58477,0,0
26,0,25,3,1,0,102,58654,0,0
26,0,25,3,1,0,102,58654,0,0
26,0,26,4,1,0,102,58421,0,0
26,0,26,4,1,0,102,58421,0,0
26,0,27,3,0,0,101,58100,0,0
26,0,27,3,0,0,101,58100,0,0
26,0,26,3,1,2,102,58218,0,0
26,0,26,3,1,2,102,58218,0,0
27,0,26,2,1,0,101,58498,0,0
27,0,26,2,1,0,101,58498,0,0
28,0,27,5,1,0,102,58673,0,0
28,0,27,5,1,0,102,58673,0,0
26,0,26,4,0,0,101,58436,0,0
26,0,26,4,0,0,101,58436,0,0
27,0,27,3,1,0,103,58926,0,0
27,0,27,3,1,0,103,58926,0,0
27,0,27,2,1,0,101,58847,0,0
27,0,27,2,1,0,101,58847,0,0
27,0,27,4,1,0,102,58378,0,0
27,0,27,4,1,0,102,58378,0,0
27,0,27,3,2,0,101,58525,0,0
27,0,27,3,2,0,101,58525,0,0
28,0,28,3,1,0,102,58470,0,0
28,0,28,3,1,0,102,58470,0,0
33,0,31,3,1,0,101,57999,0,0
33,0,31,3,1,0,101,57999,0,0
38,0,38,3,0,0,101,58223,0,0
38,0,38,3,0,0,101,58223,0,0
43,0,42,3,0,0,102,58414,0,0
43,0,42,3,0,0,102,58414,0,0
46,0,45,3,1,1,102,58597,0,0
46,0,45,3,1,0,102,58137,0,0
48,0,47,3,1,0,101,58137,0,0
50,0,49,3,1,0,101,58272,0,0
50,0,49,3,1,0,101,58272,0,0
50,2,50,3,2,0,101,58480,0,0
50,2,50,3,2,0,101,58480,0,0
52,0,51,3,0,0,102,58179,0,0
52,0,51,3,0,0,102,58179,0,0
53,0,52,2,0,0,102,58181,0,0
53,0,52,2,0,0,102,58181,0,0
53,0,53,3,0,0,103,58580,0,0
53,0,53,3,0,0,103,58580,0,0
53,0,54,3,0,0,102,58519,0,0
53,0,54,3,0,0,102,58519,0,0
54,0,55,3,0,1,102,57938,0,0
54,0,55,3,0,1,102,57938,0,0
56,0,54,3,0,0,102,58354,0,0
56,0,54,3,0,0,102,58354,0,0
55,0,56,3,1,0,102,58206,0,0
55,0,56,3,1,0,102,58206,0,0
57,0,56,3,0,0,102,58593,0,0
57,0,56,3,0,0,102,58593,0,0
56,0,57,3,1,1,102,58511,0,0
56,0,57,3,1,1,102,58511,0,0
57,0,57,3,1,0,102,58539,0,0
57,0,57,3,1,0,102,58539,0,0
57,1,57,3,2,1,102,58348,0,0
58,0,57,3,0,0,102,58239,0,0
58,0,57,3,0,0,102,58239,0,0
58,0,57,3,1,1,102,58968,0,0
58,0,57,3,1,1,102,58968,0,0
58,0,58,3,0,0,101,58218,0,0
58,0,58,3,0,0,101,58218,0,0
58,0,58,3,1,0,102,58377,0,0
58,0,58,3,1,0,102,58377,0,0
59,0,58,3,1,0,102,58263,0,0
59,0,58,3,1,0,102,58263,0,0
59,0,59,3,1,1,102,58318,0,0
59,0,59,3,1,1,102,58318,0,0
59,0,59,2,1,0,101,58372,0,0
59,0,59,2,1,0,101,58372,0,0
59,0,61,3,0,0,103,58306,0,0
59,0,61,3,0,0,103,58306,0,0
60,0,58,3,0,0,102,58422,0,0
60,0,58,3,0,0,102,58422,0,0
59,0,59,3,1,0,102,58109,0,0
59,0,59,3,1,0,102,58109,0,0
60,2,60,3,0,0,102,58059,0,0
60,2,60,3,0,0,102,58059,0,0
59,0,60,3,0,1,102,58239,0,0
59,0,60,3,0,1,102,58239,0,0
60,0,60,3,0,0,103,58336,0,0
60,0,60,3,0,0,103,58336,0,0
60,0,60,3,0,0,102,58210,0,0
60,0,60,3,0,0,102,58210,0,0
60,0,60,3,0,0,103,58426,0,0
60,0,60,3,0,0,103,58426,0,0
61,0,60,3,2,1,103,58399,0,0
61,0,60,3,2,1,103,58399,0,0
61,0,60,3,0,0,102,58329,0,0
61,0,60,3,1,1,101,58224,0,0
61,0,60,3,1,1,101,58224,0,0
59,0,58,3,33,0,92,58356,0,0
59,0,58,3,33,0,92,58356,0,0
41,0,41,3,46,1,99,58293,0,0
41,0,41,3,46,1,99,58293,0,0
32,0,31,3,37,1,100,58294,0,0
32,0,31,3,37,1,100,58294,0,0
28,0,28,3,32,1,101,58193,0,0
28,0,28,3,32,1,101,58193,0,0
28,0,28,3,31,0,98,58749,0,0
28,0,28,3,31,0,98,58749,0,0
34,0,33,3,1,1,98,58277,0,0
34,0,33,3,1,1,98,58277,0,0
38,0,38,3,2,0,100,58677,0,0
38,0,38,3,2,0,100,58677,0,0
41,1,42,3,1,1,101,58187,0,0
41,1,42,3,1,1,101,58187,0,0
44,0,42,4,0,0,100,58273,0,0
44,0,42,4,0,0,100,58273,0,0
46,0,46,3,1,1,100,58512,0,0
46,0,46,3,1,1,100,58512,0,0
48,0,47,3,0,0,101,58392,0,0
48,0,47,3,0,0,101,58392,0,0
48,0,48,3,1,1,100,58478,0,0
48,0,48,3,1,1,100,58478,0,0
50,0,49,3,0,0,100,58781,0,0
50,0,49,3,0,0,100,58781,0,0
50,0,51,4,1,0,100,58253,0,0
50,0,51,4,1,0,100,58253,0,0
52,0,51,2,0,0,102,58385,0,0
52,0,52,3,1,2,101,58346,0,0
52,0,52,3,1,2,101,58346,0,0
52,0,53,3,0,0,101,58204,0,0
52,0,53,3,0,0,101,58204,0,0
53,0,53,3,0,0,101,58227,0,0
53,0,53,3,0,0,101,58227,0,0
54,0,52,3,0,0,101,58471,0,0
54,0,52,3,0,0,101,58471,0,0
55,0,54,3,0,0,102,58459,0,0
55,0,54,3,0,0,102,58459,0,0
54,0,54,3,1,0,101,58765,0,0
54,0,54,3,1,0,101,58765,0,0
55,0,55,3,0,0,101,58305,0,0
55,0,55,3,0,0,101,58305,0,0
55,0,55,2,1,0,100,58638,0,0
55,0,55,2,1,0,100,58638,0,0
55,0,55,3,1,0,102,58199,0,0
55,0,55,3,1,0,102,58199,0,0
56,1,55,3,0,0,102,58398,0,0
56,1,55,3,0,0,102,58398,0,0
56,0,56,3,1,1,102,58773,0,0
56,0,56,3,1,1,102,58773,0,0
56,0,57,2,0,0,101,58196,0,0
56,0,57,2,0,0,101,58196,0,0
55,0,56,3,0,0,100,58796,0,0
55,0,56,3,0,0,100,58796,0,0
57,0,56,2,0,0,102,58510,0,0
57,0,56,2,0,0,102,58510,0,0
56,0,57,3,0,0,102,58233,0,0
56,0,57,3,0,0,102,58233,0,0
57,0,57,3,0,0,101,58495,0,0
57,0,57,3,0,0,101,58495,0,0
58,0,58,4,0,0,103,58558,0,0
58,0,58,4,0,0,103,58558,0,0
57,0,57,4,0,0,103,58441,0,0
58,1,59,3,0,1,102,58528,0,0
58,1,59,3,0,1,102,58528,0,0
57,0,57,3,0,0,102,58394,0,0
57,0,57,3,0,0,102,58394,0,0
58,1,58,3,0,1,102,58054,0,0
58,1,58,3,0,1,102,58054,0,0
59,0,58,5,0,0,103,58014,0,0
59,0,58,5,0,0,103,58014,0,0
58,0,59,3,0,0,102,58677,0,0
58,0,59,3,0,0,102,58677,0,0
59,0,59,2,0,0,102,58377,0,0
59,0,59,2,0,0,102,58377,0,0
59,0,59,3,0,0,102,58905,0,0
59,0,59,3,0,0,102,58905,0,0
60,0,58,4,0,0,101,59219,0,0
60,0,58,4,0,0,101,59219,0,0
58,0,59,3,0,2,102,58370,0,0
58,0,59,3,0,2,102,58370,0,0
58,0,59,3,0,1,103,58351,0,0
58,0,59,3,0,1,103,58351,0,0
59,0,59,2,1,0,102,59113,0,0
59,0,59,2,1,0,102,59113,0,0
59,0,59,3,0,0,102,58691,0,0
59,0,59,3,0,0,102,58691,0,0
60,0,60,3,1,0,103,58313,0,0
60,0,60,3,1,0,103,58313,0,0
59,0,59,3,0,0,102,58928,0,0
59,0,59,3,0,0,102,58928,0,0
59,0,60,4,0,0,103,58207,0,0
59,0,60,4,0,0,103,58207,0,0
59,1,59,3,1,0,102,58109,0,0
59,0,59,4,0,0,102,58210,0,0
59,0,59,4,0,0,102,58210,0,0
77,0,79,4,1,0,101,58183,0,0
77,0,79,4,1,0,101,58183,0,0
118,0,124,3,0,0,103,58267,0,0
118,0,124,3,0,0,103,58267,0,0
152,0,154,3,0,0,102,58310,0,0
152,0,154,3,0,0,102,58310,0,0
173,0,175,3,0,0,102,58399,0,0
173,0,175,3,0,0,102,58399,0,0
186,0,186,2,0,1,102,58652,0,0
186,0,186,2,0,1,102,58652,0,0
192,0,189,3,1,0,101,58134,0,0
192,0,189,3,1,0,101,58134,0,0
192,0,191,3,1,0,102,58644,0,0
192,0,191,3,1,0,102,58644,0,0
192,0,192,3,0,0,102,58552,0,0
192,0,192,3,0,0,102,58552,0,0
192,0,191,3,1,0,102,58553,0,0
192,0,191,3,1,0,102,58553,0,0
192,0,191,3,0,0,102,58651,0,0
192,0,191,3,0,0,102,58651,0,0
192,0,191,3,1,0,102,58393,0,0
192,0,191,3,1,0,102,58393,0,0
191,0,192,3,1,1,102,58217,0,0
191,0,192,3,1,1,102,58217,0,0
191,1,192,2,0,1,102,58429,0,0
191,1,192,2,0,1,102,58429,0,0
191,0,189,3,0,1,102,58287,0,0
191,0,189,3,0,1,102,58287,0,0
190,0,190,3,0,0,95,58494,0,0
190,0,190,3,0,0,95,58494,0,0
149,0,151,3,150,0,98,59051,0,0
149,0,151,3,150,0,98,59051,0,0
149,0,148,3,11,0,97,58533,0,0
159,0,155,2,10,0,100,58676,0,0
159,0,155,2,10,0,100,58676,0,0
163,0,162,3,6,0,100,58680,0,0
163,0,162,3,6,0,100,58680,0,0
170,0,166,4,4,0,100,58707,0,0
170,0,166,4,4,0,100,58707,0,0
174,0,173,2,2,0,101,58367,0,0
174,0,173,2,2,0,101,58367,0,0
177,0,176,3,2,0,102,58678,0,0
177,0,176,3,2,0,102,58678,0,0
180,0,177,2,0,0,102,58472,0,0
180,0,177,2,0,0,102,58472,0,0
182,0,181,3,1,2,101,58354,0,0
182,0,181,3,1,2,101,58354,0,0
184,0,182,4,0,0,101,58862,0,0
184,0,182,4,0,0,101,58862,0,0
186,0,184,3,1,0,101,59230,0,0
186,0,184,3,1,0,101,59230,0,0
185,1,185,4,0,0,99,59059,0,0
185,1,185,4,0,0,99,59059,0,0
186,0,186,3,2,0,101,58659,0,0
186,0,186,3,2,0,101,58659,0,0
185,0,186,2,0,0,99,58320,0,0
185,0,186,2,0,0,99,58320,0,0
187,0,186,3,1,1,101,58281,0,0
187,0,186,3,1,1,101,58281,0,0
187,0,187,2,0,0,99,58214,0,0
187,0,188,3,0,0,101,58780,0,0
187,0,188,3,0,0,101,58780,0,0
187,0,188,3,0,0,101,58780,0,0
187,0,187,3,0,0,101,58395,0,0
189,0,188,3,0,0,101,58688,0,0
189,0,188,3,0,0,101,58688,0,0
189,0,189,4,1,0,100,58462,0,0
189,0,189,4,1,0,100,58462,0,0
190,0,188,3,1,1,102,58468,0,0
190,0,188,3,1,1,102,58468,0,0
191,0,188,3,0,1,102,58108,0,0
191,0,188,3,0,1,102,58108,0,0
188,0,188,3,1,1,103,58583,0,0
188,0,188,3,1,1,103,58583,0,0
188,1,188,4,0,0,101,59366,0,0
188,1,188,4,0,0,101,59366,0,0
189,0,189,2,1,1,102,58319,0,0
189,0,189,2,1,1,102,58319,0,0
189,0,188,3,1,2,101,58259,0,0
189,0,188,3,1,2,101,58259,0,0
188,0,189,2,0,0,102,58427,0,0
188,0,189,2,0,0,102,58427,0,0
188,0,188,3,0,0,101,58168,0,0
188,0,188,3,0,0,101,58168,0,0
189,1,189,3,0,0,102,58129,0,0
189,1,189,3,0,0,102,58129,0,0
190,1,190,2,0,0,102,58174,0,0
190,0,190,3,0,0,102,58220,0,0
190,0,190,3,0,0,102,58220,0,0
189,0,190,3,1,0,101,58622,0,0
189,0,190,3,1,0,101,58622,0,0
188,0,189,2,0,0,101,58689,0,0
188,0,189,2,0,0,101,58689,0,0
190,0,188,3,0,1,102,58184,0,0
190,0,188,3,0,1,102,58184,0,0
189,0,189,3,0,0,102,58253,0,0
189,0,189,3,0,0,102,58253,0,0
191,0,189,2,0,0,102,58614,0,0
191,0,189,2,0,0,102,58614,0,0
189,0,190,4,0,0,102,58370,0,0
189,0,190,4,0,0,102,58370,0,0
190,1,190,2,0,0,102,58269,0,0
190,1,190,2,0,0,102,58269,0,0
190,0,189,3,1,1,101,58409,0,0
190,0,189,3,1,1,101,58409,0,0
189,0,190,3,1,0,102,58354,0,0
189,0,190,3,1,0,102,58354,0,0
189,0,189,2,0,0,102,58270,0,0
189,0,189,2,0,0,102,58270,0,0
190,0,188,3,1,0,102,58220,0,0
190,0,188,3,1,0,102,58220,0,0
188,0,189,3,0,0,102,58259,0,0
188,0,189,3,0,0,102,58259,0,0
171,0,170,3,173,0,94,58902,0,0
171,0,170,3,173,0,94,58902,0,0
150,1,150,3,8,1,95,58322,0,0
150,1,150,3,8,1,95,58322,0,0
153,0,150,3,9,1,100,58258,0,0
153,0,150,3,9,1,100,58258,0,0
156,0,154,3,7,0,99,58758,0,0
156,0,154,3,5,0,100,58964,0,0
158,0,156,3,5,0,100,58964,0,0
161,2,162,3,3,0,101,58347,0,0
161,2,162,3,3,0,101,58347,0,0
165,0,164,3,3,0,99,58425,0,0
165,0,164,3,3,0,99,58425,0,0
168,0,166,3,1,1,101,58462,0,0
168,0,166,3,1,1,101,58462,0,0
170,0,169,3,2,0,100,58344,0,0
170,0,169,3,2,0,100,58344,0,0
172,0,171,4,1,1,101,58148,0,0
172,0,171,4,1,1,101,58148,0,0
174,0,172,2,0,1,101,58312,0,0
174,0,172,2,0,1,101,58312,0,0
175,0,174,3,1,0,100,58244,0,0
175,0,174,3,1,0,100,58244,0,0
175,0,175,3,0,0,101,58265,0,0
175,0,175,3,0,0,101,58265,0,0
177,0,177,4,1,0,101,58219,0,0
177,0,177,4,1,0,101,58219,0,0
177,0,178,3,0,0,100,58140,0,0
177,0,178,3,0,0,100,58140,0,0
178,0,179,3,1,0,101,58198,0,0
178,0,179,3,1,0,101,58198,0,0
181,0,180,2,0,0,100,58323,0,0
181,0,180,2,0,0,100,58323,0,0
182,0,180,3,1,0,101,58063,0,0
182,0,180,3,1,0,101,58063,0,0
182,0,180,4,0,0,101,58156,0,0
182,0,180,4,0,0,101,58156,0,0
181,0,181,4,1,0,100,58300,0,0
181,0,181,4,1,0,100,58300,0,0
182,2,182,3,0,0,101,58485,0,0
182,1,183,3,0,1,102,58485,0,0
182,1,183,3,0,1,102,58485,0,0
183,0,182,2,0,0,101,58592,0,0
183,0,182,2,0,0,101,58592,0,0
183,0,184,4,1,0,102,58332,0,0
183,0,184,4,1,0,102,58332,0,0
184,0,183,2,0,0,101,58221,0,0
184,0,183,2,0,0,101,58221,0,0
184,0,184,3,1,1,102,58161,0,0
184,0,184,3,1,1,102,58161,0,0
184,0,184,3,0,0,102,58479,0,0
184,0,184,3,0,0,102,58479,0,0
185,1,185,3,0,0,102,58274,0,0
185,1,185,3,0,0,102,58274,0,0
184,0,185,3,0,0,101,58265,0,0
184,0,185,3,0,0,101,58265,0,0
185,1,185,3,1,0,101,58346,0,0
185,1,185,3,1,0,101,58346,0,0
185,0,185,2,0,0,101,58239,0,0
185,0,185,2,0,0,101,58239,0,0
185,0,184,3,1,1,101,58485,0,0
185,0,184,3,1,1,101,58485,0,0
184,0,186,3,1,0,101,58941,0,0
186,0,186,2,0,0,102,58393,0,0
186,0,186,2,0,0,102,58393,0,0
187,0,185,2,1,0,101,59008,0,0
187,0,185,2,1,0,101,59008,0,0
185,0,186,3,1,0,101,58906,0,0
185,0,186,3,1,0,101,58906,0,0
187,0,187,2,1,0,101,58583,0,0
187,0,187,2,1,0,101,58583,0,0
185,0,186,4,0,0,101,58083,0,0
185,0,186,4,0,0,101,58083,0,0
187,0,185,2,0,0,101,58179,0,0
187,0,185,2,0,0,101,58179,0,0
186,1,187,4,1,0,102,58253,0,0
186,1,187,4,1,0,102,58253,0,0
187,0,186,3,0,0,101,58027,0,0
187,0,186,3,0,0,101,58027,0,0
187,1,186,3,1,1,102,58171,0,0
187,1,186,3,1,1,102,58171,0,0
187,0,185,3,1,0,101,58464,0,0
187,0,185,3,1,0,101,58464,0,0
187,0,186,4,1,0,102,58430,0,0
187,0,186,4,1,0,102,58430,0,0
188,0,186,1,0,0,101,58641,0,0
188,0,186,1,0,0,101,58641,0,0
187,0,186,3,1,2,103,58232,0,0
187,0,186,3,1,2,103,58232,0,0
187,0,185,3,0,0,102,58251,0,0
188,0,187,3,1,1,102,58622,0,0
188,0,187,3,1,1,102,58622,0,0
188,0,187,4,0,0,102,59297,0,0
188,0,187,4,0,0,102,59297,0,0
187,1,187,3,1,0,102,58238,0,0
187,1,187,3,1,0,102,58238,0,0
186,0,186,4,0,0,101,58715,0,0
186,0,186,4,0,0,101,58715,0,0
188,0,187,3,2,0,102,58576,0,0
188,0,187,3,2,0,102,58576,0,0
188,0,186,4,0,0,103,58202,0,0
188,0,186,4,0,0,103,58202,0,0
187,0,187,3,1,0,102,58621,0,0
187,0,187,3,1,0,102,58621,0,0
188,0,186,2,0,0,103,58313,0,0
188,0,186,2,0,0,103,58313,0,0
187,0,187,2,1,1,103,58561,0,0
187,0,187,2,1,1,103,58561,0,0
188,1,187,3,0,0,102,58708,0,0
188,1,187,3,0,0,102,58708,0,0
188,0,187,3,1,0,101,58243,0,0
188,0,187,3,1,0,101,58243,0,0
189,0,187,3,0,0,103,58829,0,0
189,0,187,3,0,0,103,58829,0,0
187,0,188,2,0,0,102,58255,0,0
187,0,188,2,0,0,102,58255,0,0
188,0,186,3,1,0,102,58349,0,0
188,0,186,3,1,0,102,58349,0,0
188,0,187,3,1,1,103,58547,0,0
188,0,187,3,1,1,103,58547,0,0
188,1,187,3,1,0,102,58279,0,0
188,1,187,3,1,0,102,58279,0,0
188,0,188,3,1,0,102,58219,0,0
188,0,188,3,1,0,102,58219,0,0
188,1,187,3,2,0,102,58467,0,0
188,0,188,3,1,0,102,58171,0,0
188,0,188,3,1,0,102,58171,0,0
189,0,188,3,1,0,102,58366,0,0
189,0,188,3,1,0,102,58366,0,0
188,0,187,2,1,0,101,58975,0,0
188,0,187,2,1,0,101,58975,0,0
187,0,187,3,0,0,102,59115,0,0
187,0,187,3,0,0,102,59115,0,0
188,0,187,2,1,1,103,58304,0,0
188,0,187,2,1,1,103,58304,0,0
188,0,187,3,0,1,102,57813,0,0
188,0,187,3,0,1,102,57813,0,0
190,0,188,3,1,1,103,58266,0,0
190,0,188,3,1,1,103,58266,0,0
188,0,188,3,0,0,102,58365,0,0
188,0,188,3,0,0,102,58365,0,0
189,0,187,3,1,1,102,58219,0,0
189,0,187,3,1,1,102,58219,0,0
188,0,187,3,0,0,102,58586,0,0
188,0,187,3,0,0,102,58586,0,0
188,0,188,3,0,1,103,58255,0,0
188,0,188,3,0,1,103,58255,0,0
187,0,187,3,0,0,102,58281,0,0
188,0,188,3,0,0,103,58301,0,0
188,0,188,3,0,0,103,58301,0,0
188,1,188,2,0,0,103,58378,0,0
188,1,188,2,0,0,103,58378,0,0
188,0,188,3,0,1,102,58368,0,0
188,0,188,3,0,1,102,58368,0,0
189,0,188,3,1,0,102,58447,0,0
189,0,188,3,1,0,102,58447,0,0
188,0,188,3,0,0,103,58395,0,0
188,0,188,3,0,0,103,58395,0,0
189,0,187,2,0,0,104,58439,0,0
189,0,187,2,0,0,104,58439,0,0
187,0,188,3,1,1,103,58314,0,0
187,0,188,3,1,1,103,58314,0,0
188,1,188,3,0,0,103,59154,0,0
188,1,188,3,0,0,103,59154,0,0
188,0,188,4,1,0,102,58697,0,0
188,0,188,4,1,0,102,58697,0,0
188,0,187,3,0,0,103,58247,0,0
188,0,187,3,0,0,103,58247,0,0
189,0,187,3,0,1,103,58386,0,0
189,0,187,3,0,1,103,58386,0,0
189,0,187,3,0,0,104,58416,0,0
189,0,187,3,0,0,104,58416,0,0
188,0,188,3,0,0,102,58414,0,0
188,0,188,3,0,0,102,58414,0,0
189,0,188,3,0,0,103,58268,0,0
189,0,188,3,0,0,103,58268,0,0
189,0,188,2,1,0,104,58229,0,0
189,0,188,2,1,0,104,58229,0,0
189,0,188,3,0,0,103,58434,0,0
188,0,188,3,0,1,103,59051,0,0
188,0,188,3,0,1,103,59051,0,0
189,0,187,3,0,1,103,58745,0,0
189,0,187,3,0,1,103,58745,0,0
187,0,188,3,0,0,103,58279,0,0
187,0,188,3,0,0,103,58279,0,0
189,0,188,2,1,0,104,58647,0,0
189,0,188,2,1,0,104,58647,0,0
190,0,188,2,1,0,103,58349,0,0
190,0,188,2,1,0,103,58349,0,0
189,0,188,3,2,0,103,58160,0,0
189,0,188,3,2,0,103,58160,0,0
189,0,189,2,0,0,104,58087,0,0
189,0,189,2,0,0,104,58087,0,0
189,0,188,2,1,0,103,58230,0,0
189,0,188,2,1,0,103,58230,0,0
188,0,188,3,1,0,103,58062,0,0
188,0,188,3,1,0,103,58062,0,0
189,1,187,2,1,1,103,58393,0,0
189,1,187,2,1,1,103,58393,0,0
189,0,189,3,1,0,103,58244,0,0
189,0,189,3,1,0,103,58244,0,0
188,0,188,2,1,0,102,58300,0,0
188,0,188,2,1,0,102,58300,0,0
188,0,188,3,1,0,103,58068,0,0
188,0,188,3,1,0,103,58068,0,0
189,0,188,3,0,0,103,58215,0,0
189,0,188,3,0,0,103,58215,0,0
189,0,188,3,1,1,103,58765,0,0
189,0,188,3,1,1,103,58765,0,0
189,0,189,2,0,0,103,58436,0,0
189,0,189,2,0,0,103,58436,0,0
189,0,188,3,1,0,103,58233,0,0
189,0,188,3,1,0,103,58233,0,0
190,0,188,3,0,0,104,58532,0,0
188,1,188,3,2,0,103,58270,0,0
188,1,188,3,2,0,103,58270,0,0
188,0,187,3,1,0,103,58465,0,0
188,0,187,3,1,0,103,58465,0,0
188,0,187,3,0,1,103,58361,0,0
188,0,187,3,0,1,103,58361,0,0
188,0,188,3,0,0,103,58535,0,0
188,0,188,3,0,0,103,58535,0,0
190,0,188,3,2,1,103,58855,0,0
190,0,188,3,2,1,103,58855,0,0
188,0,188,3,0,0,103,58799,0,0
188,0,188,3,0,0,103,58799,0,0
189,0,188,3,0,1,102,59031,0,0
189,0,188,3,0,1,102,59031,0,0
189,0,188,2,0,0,103,58450,0,0
189,0,188,2,0,0,103,58450,0,0
190,0,188,4,1,1,102,58465,0,0
190,0,188,4,1,1,102,58465,0,0
187,0,188,1,0,0,103,58416,0,0
187,0,188,1,0,0,103,58416,0,0
189,0,189,3,2,0,103,58404,0,0
189,0,189,3,2,0,103,58404,0,0
189,0,187,3,0,1,103,58519,0,0
189,0,190,4,1,0,104,58118,0,0
189,0,190,4,1,0,104,58118,0,0
189,0,189,3,0,0,103,58359,0,0
189,0,189,3,0,0,103,58359,0,0
190,0,189,3,1,0,103,58408,0,0
190,0,189,3,1,0,103,58408,0,0
189,1,188,2,0,0,103,58260,0,0
189,1,188,2,0,0,103,58260,0,0
190,0,188,5,0,1,104,58473,0,0
190,0,188,5,0,1,104,58473,0,0
189,0,186,3,1,0,103,58298,0,0
189,0,186,3,1,0,103,58298,0,0
190,0,188,3,0,1,103,58251,0,0
190,0,188,3,0,1,103,58251,0,0
190,0,188,2,0,0,102,58204,0,0
190,0,188,2,0,0,102,58204,0,0
189,0,189,3,1,0,103,58358,0,0
189,0,189,3,1,0,103,58358,0,0
189,0,189,3,1,0,102,58512,0,0
189,0,189,3,1,0,102,58512,0,0
189,0,188,3,1,0,103,58271,0,0
189,0,188,3,1,0,103,58271,0,0
189,0,188,3,1,0,92,58179,0,0
189,0,188,3,1,0,92,58179,0,0
165,0,166,3,10,0,93,58239,0,0
165,0,166,3,10,0,93,58239,0,0
165,0,163,3,10,0,100,58646,0,0
164,0,164,3,8,1,101,58177,0,0
164,0,164,3,8,1,101,58177,0,0
165,0,164,3,5,0,100,58535,0,0
165,0,164,3,5,0,100,58535,0,0
150,1,150,3,155,1,96,58184,0,0
150,1,150,3,155,1,96,58184,0,0
141,0,138,2,8,0,95,58200,0,0
141,0,138,2,8,0,95,58200,0,0
145,0,144,3,7,0,101,58276,0,0
145,0,144,3,7,0,101,58276,0,0
150,0,149,3,5,0,101,58697,0,0
150,0,149,3,5,0,101,58697,0,0
155,0,155,2,5,0,102,58175,0,0
155,0,155,2,5,0,102,58175,0,0
162,0,160,3,2,0,101,58688,0,0
162,0,160,3,2,0,101,58688,0,0
164,0,163,3,2,2,101,58084,0,0
164,0,163,3,2,2,101,58084,0,0
168,0,166,3,0,0,100,58227,0,0
168,0,166,3,0,0,100,58227,0,0
170,0,170,3,1,1,101,58369,0,0
170,0,170,3,1,1,101,58369,0,0
172,0,171,2,1,0,101,58978,0,0
172,0,171,2,1,0,101,58978,0,0
174,0,173,3,1,0,101,58266,0,0
174,0,173,3,1,0,101,58266,0,0
175,0,175,3,1,0,99,58543,0,0
175,0,175,3,1,0,99,58543,0,0
176,0,175,3,0,0,101,58366,0,0
176,0,175,3,0,0,101,58366,0,0
177,0,176,2,0,0,101,58364,0,0
177,0,176,2,0,0,101,58364,0,0
178,0,178,3,1,0,100,58372,0,0
178,0,178,3,1,0,100,58372,0,0
178,1,178,5,0,0,101,58486,0,0
178,1,178,5,0,0,101,58486,0,0
180,0,180,3,3,1,101,58817,0,0
180,0,180,3,3,1,101,58817,0,0
180,1,180,2,1,0,101,58944,0,0
181,0,182,3,1,1,101,58339,0,0
181,0,182,3,1,1,101,58339,0,0
181,0,181,3,2,0,101,58785,0,0
181,0,181,3,2,0,101,58785,0,0
181,0,181,1,0,0,103,58696,0,0
181,0,181,1,0,0,103,58696,0,0
183,0,182,4,1,0,100,58655,0,0
183,0,182,4,1,0,100,58655,0,0
184,0,182,2,1,1,101,58491,0,0
184,0,182,2,1,1,101,58491,0,0
184,0,182,2,0,0,102,58128,0,0
184,0,182,2,0,0,102,58128,0,0
185,0,183,2,1,0,101,58133,0,0
185,0,183,2,1,0,101,58133,0,0
183,0,183,2,0,0,101,58186,0,0
183,0,183,2,0,0,101,58186,0,0
183,0,183,3,1,1,101,58575,0,0
183,0,183,3,1,1,101,58575,0,0
184,0,183,3,1,0,101,58170,0,0
184,0,183,3,1,0,101,58170,0,0
184,0,184,2,1,1,102,58262,0,0
184,0,184,2,1,1,102,58262,0,0
184,0,183,3,0,0,102,58764,0,0
184,0,183,3,1,0,101,58293,0,0
184,0,184,3,1,0,101,58293,0,0
184,0,184,3,1,0,101,58293,0,0
183,0,184,2,1,0,102,58116,0,0
185,0,184,2,1,0,101,58698,0,0
185,0,184,2,1,0,101,58698,0,0
185,0,185,4,1,0,102,58144,0,0
185,0,185,4,1,0,102,58144,0,0
184,0,184,3,1,0,101,58365,0,0
184,0,184,3,1,0,101,58365,0,0
186,0,184,3,0,0,101,58764,0,0
186,0,184,3,0,0,101,58764,0,0
185,0,184,3,1,0,101,58377,0,0
185,0,184,3,1,0,101,58377,0,0
184,0,185,2,1,0,101,58428,0,0
184,0,185,2,1,0,101,58428,0,0
185,0,184,3,2,0,101,58256,0,0
185,0,184,3,2,0,101,58256,0,0
185,0,185,3,0,0,102,58403,0,0
185,0,185,3,0,0,102,58403,0,0
186,0,185,4,0,0,102,58748,0,0
186,0,185,4,0,0,102,58748,0,0
185,0,185,3,0,0,102,58761,0,0
185,0,185,3,0,0,102,58761,0,0
184,0,185,3,0,0,102,59417,0,0
184,0,185,3,0,0,102,59417,0,0
185,0,184,3,1,0,101,58562,0,0
186,0,184,4,1,1,100,58036,0,0
186,0,184,4,1,1,100,58036,0,0
186,0,184,3,0,0,101,58788,0,0
186,0,184,3,0,0,101,58788,0,0
186,0,185,3,0,0,102,58696,0,0
186,0,185,3,0,0,102,58696,0,0
185,0,184,3,0,0,103,58801,0,0
185,0,184,3,0,0,103,58801,0,0
184,0,186,3,1,0,101,58334,0,0
184,0,186,3,1,0,101,58334,0,0
186,0,186,2,0,0,101,58149,0,0
186,0,186,2,0,0,101,58149,0,0
186,2,185,3,0,0,102,58457,0,0
186,2,185,3,0,0,102,58457,0,0
187,0,186,3,1,0,103,58473,0,0
187,0,186,3,1,0,103,58473,0,0
186,0,186,3,0,0,102,58301,0,0
186,0,186,3,0,0,102,58301,0,0
185,0,185,3,0,0,102,58156,0,0
185,0,185,3,0,0,102,58156,0,0
187,0,185,3,1,1,103,58554,0,0
187,0,185,3,1,1,103,58554,0,0
186,0,186,3,0,0,102,58960,0,0
186,0,186,3,0,0,102,58960,0,0
185,0,185,3,0,2,102,58471,0,0
185,0,185,3,0,2,102,58471,0,0
187,0,185,3,0,0,102,58525,0,0
187,0,185,3,0,0,102,58525,0,0
186,0,186,3,0,0,103,58790,0,0
186,0,186,3,0,0,103,58790,0,0
186,1,185,3,0,0,103,58633,0,0
186,0,186,3,0,1,103,57867,0,0
186,0,186,3,0,1,103,57867,0,0
186,0,183,3,0,0,103,58106,0,0
186,0,183,3,0,0,103,58106,0,0
187,1,186,3,0,0,103,58321,0,0
187,1,186,3,0,0,103,58321,0,0
186,0,185,3,0,0,102,58865,0,0
186,0,185,3,0,0,102,58865,0,0
188,0,186,4,0,0,103,58547,0,0
188,0,186,4,0,0,103,58547,0,0
188,0,185,1,0,0,103,58677,0,0
188,0,185,1,0,0,103,58677,0,0
185,0,186,2,1,1,101,58204,0,0
185,0,186,2,1,1,101,58204,0,0
187,0,186,3,0,0,103,58816,0,0
187,0,186,3,0,0,103,58816,0,0
186,0,185,3,0,0,104,58599,0,0
186,0,185,3,0,0,104,58599,0,0
186,0,186,3,0,0,102,58860,0,0
186,0,186,3,0,0,102,58860,0,0
187,0,186,4,1,0,102,58617,0,0
187,0,186,4,1,0,102,58617,0,0
186,0,186,3,0,0,93,58805,0,0
186,0,186,3,0,0,93,58805,0,0
160,0,160,2,160,1,98,58484,0,0
160,0,160,2,160,1,98,58484,0,0
147,1,146,3,6,0,96,58572,0,0
149,0,146,3,8,0,101,58606,0,0
149,0,146,3,8,0,101,58606,0,0
150,0,149,2,5,0,101,58648,0,0
150,0,149,2,5,0,101,58648,0,0
154,0,153,2,3,0,101,58451,0,0
154,0,153,2,3,0,101,58451,0,0
157,0,154,3,3,0,101,58171,0,0
157,0,154,3,3,0,101,58171,0,0
158,0,158,3,1,0,101,58617,0,0
158,0,158,3,1,0,101,58617,0,0
161,0,161,3,1,0,101,58305,0,0
161,0,161,3,1,0,101,58305,0,0
163,0,162,3,1,0,101,58328,0,0
163,0,162,3,1,0,101,58328,0,0
165,0,164,3,0,1,101,58691,0,0
165,0,164,3,0,1,101,58691,0,0
166,0,166,3,1,1,100,58794,0,0
166,0,166,3,1,1,100,58794,0,0
167,0,167,3,1,0,100,58353,0,0
167,0,167,3,1,0,100,58353,0,0
169,0,170,3,0,0,101,59051,0,0
169,0,170,3,0,0,101,59051,0,0
170,0,170,3,1,0,101,58455,0,0
170,0,170,3,1,0,101,58455,0,0
171,0,171,3,1,0,101,58652,0,0
171,0,171,3,1,0,101,58652,0,0
173,0,171,2,0,1,101,59379,0,0
173,0,171,2,0,1,101,59379,0,0
172,0,174,3,1,0,101,58267,0,0
172,0,174,3,1,0,101,58267,0,0
175,0,176,3,0,0,101,58631,0,0
174,0,175,4,1,0,100,59076,0,0
174,0,175,4,1,0,100,59076,0,0
177,0,175,3,1,0,100,58475,0,0
177,0,175,3,1,0,100,58475,0,0
175,0,177,3,0,0,101,58246,0,0
175,0,177,3,0,0,101,58246,0,0
177,0,177,3,1,0,101,58643,0,0
177,0,177,3,1,0,101,58643,0,0
178,0,177,3,1,0,101,58630,0,0
178,0,177,3,1,0,101,58630,0,0
178,0,178,3,0,0,101,58327,0,0
178,0,178,3,0,0,101,58327,0,0
178,0,178,3,2,1,102,58570,0,0
178,0,178,3,2,1,102,58570,0,0
179,0,179,3,0,0,101,58325,0,0
179,0,179,3,0,0,101,58325,0,0
179,0,179,3,1,0,101,58221,0,0
179,0,179,3,1,0,101,58221,0,0
180,0,180,3,0,0,101,58289,0,0
180,0,180,3,0,0,101,58289,0,0
180,0,180,3,0,0,101,58919,0,0
180,0,180,3,0,0,101,58919,0,0
181,0,181,2,0,0,102,59074,0,0
181,0,181,2,0,0,102,59074,0,0
181,0,180,3,1,0,100,58482,0,0
181,0,180,3,1,0,100,58482,0,0
180,0,181,3,0,0,101,59103,0,0
180,0,181,3,0,0,101,59103,0,0
181,0,181,3,0,0,100,58669,0,0
181,0,181,3,0,0,100,58669,0,0
180,1,181,4,0,0,102,58479,0,0
180,1,181,4,0,0,102,58479,0,0
182,0,181,3,0,1,102,58274,0,0
182,0,181,3,0,1,102,58274,0,0
181,0,180,3,0,1,100,58336,0,0
182,0,182,3,2,0,102,59175,0,0
182,0,182,3,2,0,102,59175,0,0
183,0,180,4,1,0,101,57900,0,0
183,0,180,4,1,0,101,57900,0,0
182,0,182,4,0,0,103,58659,0,0
182,0,182,4,0,0,103,58659,0,0
183,2,181,3,0,0,102,58412,0,0
183,2,181,3,0,0,102,58412,0,0
183,0,182,3,1,0,102,58562,0,0
183,0,182,3,1,0,102,58562,0,0
183,0,182,3,0,0,101,58340,0,0
183,0,182,3,0,0,101,58340,0,0
183,0,184,3,1,0,102,58342,0,0
183,0,184,3,1,0,102,58342,0,0
181,1,183,3,1,0,101,58944,0,0
181,1,183,3,1,0,101,58944,0,0
183,0,183,3,1,1,102,58378,0,0
183,0,183,3,1,1,102,58378,0,0
183,0,181,4,0,0,102,58557,0,0
183,0,181,4,0,0,102,58557,0,0
183,0,183,1,1,0,102,58973,0,0
183,0,183,1,1,0,102,58973,0,0
184,0,183,3,1,0,102,58180,0,0
184,0,183,3,1,0,102,58180,0,0
184,0,183,3,1,0,102,58312,0,0
184,0,183,3,1,0,102,58312,0,0
184,1,183,2,0,0,102,58377,0,0
182,0,183,2,1,0,102,58666,0,0
182,0,183,2,1,0,102,58666,0,0
183,0,183,3,0,0,102,58451,0,0
183,0,183,3,0,0,103,58451,0,0
184,0,184,3,0,1,102,58197,0,0
184,0,184,3,0,1,102,58197,0,0
183,0,184,3,0,0,103,58412,0,0
183,0,184,3,0,0,103,58412,0,0
184,0,184,3,0,0,102,58183,0,0
184,0,184,3,0,0,102,58183,0,0
184,0,184,3,1,0,103,58220,0,0
184,0,184,3,1,0,103,58220,0,0
185,0,184,3,1,0,103,58300,0,0
185,0,184,3,1,0,103,58300,0,0
185,0,183,3,0,0,102,58619,0,0
185,0,183,3,0,0,102,58619,0,0
184,0,184,3,1,1,102,58278,0,0
184,0,184,3,1,1,102,58278,0,0
184,0,184,3,0,0,102,58765,0,0
184,0,184,3,1,0,102,58216,0,0
184,0,184,3,1,0,102,58216,0,0
184,0,184,3,0,0,102,58216,0,0
185,0,183,3,0,0,103,58512,0,0
185,0,184,3,1,2,102,58258,0,0
185,0,184,3,1,2,102,58258,0,0
184,0,184,4,0,0,102,58515,0,0
184,0,184,4,0,0,102,58515,0,0
185,0,184,3,1,1,102,58255,0,0
185,0,184,3,1,1,102,58255,0,0
184,0,184,3,0,0,102,58630,0,0
184,0,184,3,0,0,102,58630,0,0
184,0,184,3,1,0,102,58178,0,0
184,0,184,3,1,0,102,58178,0,0
185,0,185,3,0,0,103,58028,0,0
185,0,185,3,0,0,103,58028,0,0
185,0,183,4,1,0,101,58530,0,0
185,0,183,4,1,0,101,58530,0,0
185,0,184,3,0,0,102,58444,0,0
185,0,184,3,0,0,102,58444,0,0
185,0,184,3,1,0,103,58715,0,0
185,0,184,3,1,0,103,58715,0,0
185,1,184,3,1,0,102,58754,0,0
185,1,184,3,1,0,102,58754,0,0
184,0,185,3,1,0,103,58195,0,0
184,0,185,3,1,0,103,58195,0,0
185,0,184,3,0,0,103,58330,0,0
185,0,184,3,0,0,103,58330,0,0
183,1,185,3,2,0,103,59182,0,0
183,1,185,3,2,0,103,59182,0,0
185,0,183,3,0,0,102,58372,0,0
184,0,185,2,1,0,101,58282,0,0
184,0,185,2,1,0,101,58282,0,0
186,0,184,1,1,1,102,58643,0,0
186,0,184,1,1,1,102,58643,0,0
185,0,185,3,1,0,102,58282,0,0
185,0,185,3,1,0,102,58282,0,0
186,0,184,4,0,0,104,58624,0,0
186,0,184,4,0,0,104,58624,0,0
184,0,185,3,0,1,103,58425,0,0
184,0,185,3,0,1,103,58425,0,0
185,0,184,3,0,0,102,58642,0,0
185,0,184,3,0,0,102,58642,0,0
185,0,185,4,0,0,103,58492,0,0
185,0,185,4,0,0,103,58492,0,0
184,0,183,3,0,0,103,58785,0,0
184,0,183,3,0,0,103,58785,0,0
184,0,184,3,2,1,103,58308,0,0
184,0,184,3,2,1,103,58308,0,0
184,0,184,3,0,0,102,58587,0,0
184,0,184,3,0,0,102,58587,0,0
185,0,184,3,1,0,102,58031,0,0
185,0,184,3,1,0,102,58031,0,0
184,0,184,3,1,0,102,58246,0,0
185,0,183,3,1,1,103,58358,0,0
185,0,183,3,1,1,103,58358,0,0
183,1,183,3,2,0,102,58236,0,0
183,1,183,3,2,0,102,58236,0,0
184,1,184,3,0,1,103,58338,0,0
184,1,184,3,0,1,103,58338,0,0
184,2,183,2,0,0,102,58181,0,0
184,2,183,2,0,0,102,58181,0,0
184,0,183,4,1,0,103,58215,0,0
184,0,183,4,1,0,103,58215,0,0
183,1,183,3,0,0,103,58419,0,0
183,1,183,3,0,0,103,58419,0,0
182,0,182,3,1,0,103,58304,0,0
182,0,182,3,1,0,103,58304,0,0
179,1,178,2,1,0,102,58835,0,0
179,1,178,2,1,0,102,58835,0,0
172,0,172,3,0,0,103,58555,0,0
172,0,172,3,0,0,103,58555,0,0
166,0,167,2,0,0,103,58591,0,0
166,0,167,2,0,0,103,58591,0,0
161,0,159,3,1,0,101,58414,0,0
161,0,159,3,1,0,101,58414,0,0
157,0,152,3,1,1,103,58447,0,0
157,0,152,3,1,1,103,58447,0,0
151,0,148,3,1,0,103,58277,0,0
151,0,148,3,1,0,103,58277,0,0
146,1,144,3,1,0,102,58412,0,0
146,1,144,3,1,0,102,58412,0,0
140,1,139,2,1,1,104,58349,0,0
140,1,139,2,1,1,104,58349,0,0
137,0,134,3,0,0,103,58663,0,0
137,0,134,3,0,0,103,58663,0,0
133,0,132,3,1,1,103,58363,0,0
133,0,132,3,1,1,103,58363,0,0
130,0,127,2,0,0,102,58396,0,0
130,0,127,2,0,0,102,58396,0,0
126,0,122,2,1,1,103,58929,0,0
126,0,122,2,1,1,103,58929,0,0
122,0,119,3,0,0,103,58533,0,0
122,0,119,3,0,0,103,58533,0,0
118,0,115,3,0,1,103,57847,0,0
118,0,115,3,0,1,103,57847,0,0
116,0,112,3,1,0,102,58179,0,0
111,0,110,3,1,0,103,58330,0,0
111,0,110,3,1,0,103,58330,0,0
111,0,107,3,0,0,104,58581,0,0
111,0,107,3,0,0,104,58581,0,0
107,1,104,3,1,0,102,58439,0,0
107,1,104,3,1,0,102,58439,0,0
105,1,101,3,0,0,104,59179,0,0
105,1,101,3,0,0,104,59179,0,0
100,0,98,4,1,0,102,58101,0,0
100,0,98,4,1,0,102,58101,0,0
98,0,96,3,1,1,103,58491,0,0
98,0,96,3,1,1,103,58491,0,0
95,1,95,3,0,1,103,58595,0,0
95,1,95,3,0,1,103,58595,0,0
93,0,91,3,2,0,104,58990,0,0
93,0,91,3,2,0,104,58990,0,0
91,0,89,3,2,0,103,58261,0,0
91,0,89,3,2,0,103,58261,0,0
87,0,87,4,0,0,103,58034,0,0
87,0,87,4,0,0,103,58034,0,0
86,0,84,3,1,0,103,58249,0,0
86,0,84,3,1,0,103,58249,0,0
84,0,81,3,0,2,103,58235,0,0
84,0,81,3,0,2,103,58235,0,0
83,0,81,4,1,1,104,58735,0,0
83,0,81,4,1,1,104,58735,0,0
81,0,77,3,0,0,103,58152,0,0
77,0,77,4,1,0,104,58953,0,0
77,0,77,4,1,0,104,58953,0,0
75,0,74,3,0,0,103,58659,0,0
75,0,74,3,0,0,103,58659,0,0
73,0,73,3,1,1,103,58436,0,0
73,0,73,3,1,1,103,58436,0,0
72,0,69,3,0,0,102,58296,0,0
72,0,69,3,0,0,102,58296,0,0
70,2,68,3,1,2,103,58171,0,0
70,2,68,3,1,2,103,58171,0,0
67,0,67,3,1,0,103,59011,0,0
67,0,67,3,1,0,103,59011,0,0
66,0,65,3,1,0,103,58674,0,0
66,0,65,3,1,0,103,58674,0,0
63,0,63,3,1,0,103,58852,0,0
63,0,63,3,1,0,103,58852,0,0
62,0,61,3,1,1,104,58679,0,0
62,0,61,3,1,1,104,58679,0,0
62,0,60,4,0,0,103,58446,0,0
62,0,60,4,0,0,103,58446,0,0
59,0,58,3,1,1,103,58705,0,0
59,0,58,3,1,1,103,58705,0,0
58,0,57,3,0,0,104,59155,0,0
58,0,57,3,0,0,104,59155,0,0
56,0,55,3,0,0,104,58333,0,0
56,0,55,3,0,0,104,58333,0,0
55,0,56,4,0,0,103,58345,0,0
55,0,56,4,0,0,103,58345,0,0
52,0,51,3,1,1,103,58490,0,0
52,0,51,3,1,1,103,58490,0,0
27,0,14,3,0,1,103,58237,0,0
22,0,10,5,1,0,103,58975,0,0
22,0,10,5,1,0,103,58975,0,0
15,0,6,3,0,0,103,59235,0,0
15,0,6,3,0,0,103,59235,0,0
11,0,5,3,1,0,103,58772,0,0
11,0,5,3,1,0,103,58772,0,0
8,1,3,3,0,0,102,58670,0,0
8,1,3,3,0,0,102,58670,0,0
5,2,2,3,0,0,103,58418,0,0
5,2,2,3,0,0,103,58418,0,0
5,0,2,2,0,0,103,59112,0,0
5,0,2,2,0,0,103,59112,0,0
3,0,0,3,1,1,103,58361,0,0
3,0,0,3,1,1,103,58361,0,0
2,0,0,3,0,0,103,58611,0,0
2,0,0,3,0,0,103,58611,0,0
1,0,0,4,0,0,104,58594,0,0
1,0,0,4,0,0,104,58594,0,0
1,0,0,3,0,0,103,59746,0,0
1,0,0,3,0,0,103,59746,0,0
1,2,1,3,0,0,103,58646,0,0
1,2,1,3,0,0,103,58646,0,0
0,0,2,3,1,0,103,58786,0,0
0,0,2,3,1,0,103,58786,0,0
0,1,0,3,0,0,103,59019,0,0
0,1,0,3,0,0,103,59019,0,0
0,0,0,2,1,0,103,58608,0,0
0,0,0,2,1,0,103,58608,0,0
1,0,0,3,1,0,103,58290,0,0
1,0,0,3,1,0,103,58290,0,0
3,0,0,2,1,0,102,58809,0,0
3,0,0,2,1,0,102,58809,0,0
1,0,1,2,1,1,103,58783,0,0
1,0,1,2,1,1,103,58783,0,0
1,0,0,3,2,0,103,58653,0,0
0,0,1,3,1,1,103,58470,0,0
0,0,1,3,1,1,103,58470,0,0
0,0,0,2,1,0,103,58612,0,0
0,0,0,2,1,0,103,58612,0,0
1,0,2,3,1,1,103,58192,0,0
1,0,2,3,1,1,103,58192,0,0
0,1,0,3,0,0,103,58294,0,0
0,1,0,3,0,0,103,58294,0,0
0,0,1,3,1,0,103,59221,0,0
0,0,1,3,1,0,103,59221,0,0
1,0,0,5,0,0,104,58785,0,0
1,0,0,5,0,0,104,58785,0,0
1,0,0,4,1,1,102,58924,0,0
1,0,0,4,1,1,102,58924,0,0
2,1,0,3,1,0,102,58948,0,0
2,1,0,3,1,0,102,58948,0,0
0,1,1,3,1,0,103,58476,0,0
0,1,1,3,1,0,103,58476,0,0
0,1,1,3,1,1,102,58819,0,0
0,1,1,3,1,1,102,58819,0,0
1,0,1,2,0,0,104,58563,0,0
1,0,1,2,0,0,104,58563,0,0
1,0,0,3,0,1,103,58705,0,0
1,0,0,3,0,1,103,58705,0,0
0,0,0,3,0,0,103,58443,0,0
0,0,0,3,0,0,103,58443,0,0
1,1,1,3,0,0,102,59594,0,0
1,1,1,3,0,0,102,59594,0,0
1,1,1,3,1,1,102,58623,0,0
1,1,1,3,1,1,102,58623,0,0
2,0,1,3,0,0,102,58901,0,0
0,0,2,3,1,2,103,58296,0,0
0,0,2,3,1,2,103,58296,0,0
0,0,2,3,1,2,103,58296,0,0
0,1,1,2,1,0,105,58799,0,0
0,0,1,4,1,0,102,58371,0,0
0,0,1,4,1,0,102,58371,0,0
3,0,0,4,0,0,102,58167,0,0
3,0,0,4,0,0,102,58167,0,0
0,0,1,4,0,0,103,58690,0,0
0,0,1,4,0,0,103,58690,0,0
0,1,0,3,0,0,103,58331,0,0
0,1,0,3,0,0,103,58331,0,0
0,0,1,2,1,0,103,58078,0,0
0,0,1,2,1,0,103,58078,0,0
1,0,0,3,1,0,102,58280,0,0
1,0,0,3,1,0,102,58280,0,0
0,0,0,3,1,0,103,58670,0,0
0,0,0,3,1,0,103,58670,0,0
2,0,0,2,0,0,103,58524,0,0
1,0,0,3,0,0,103,58563,0,0
1,0,0,3,0,0,103,58563,0,0
1,0,0,3,0,0,103,58626,0,0
0,0,0,3,0,0,103,58626,0,0
0,0,0,3,1,0,103,58188,0,0
0,0,0,3,1,0,103,58188,0,0
1,0,0,2,0,0,103,58406,0,0
1,0,0,2,0,0,103,58406,0,0
0,0,1,2,0,2,103,58305,0,0
0,0,1,2,0,2,103,58305,0,0
0,0,1,3,1,0,103,57923,0,0
0,0,1,3,1,0,103,57923,0,0
0,0,1,3,0,1,103,58609,0,0
0,0,1,3,0,1,103,58609,0,0
1,0,0,3,0,0,104,58294,0,0
1,0,0,3,0,0,104,58294,0,0
0,0,1,2,0,0,103,58328,0,0
0,0,1,2,0,0,103,58328,0,0
1,0,0,2,0,0,103,57940,0,0
1,0,0,2,0,0,103,57940,0,0
1,0,1,3,1,0,103,58119,0,0
1,0,1,3,1,0,103,58119,0,0
1,0,1,3,0,0,103,58316,0,0
1,0,1,3,0,0,103,58316,0,0
0,0,1,3,0,0,104,58251,0,0
0,0,1,3,0,0,104,58251,0,0
1,0,0,3,0,0,103,58338,0,0
1,0,0,3,0,0,103,58338,0,0
1,0,1,3,0,0,103,58539,0,0
1,0,1,3,0,0,103,58539,0,0
1,0,0,3,1,0,102,58379,0,0
1,0,1,3,1,0,103,59515,0,0
1,0,1,3,1,0,103,59515,0,0
1,0,1,2,0,0,103,58225,0,0
1,0,1,2,0,0,103,58225,0,0
1,0,1,2,1,0,102,58091,0,0
1,0,1,2,1,0,102,58091,0,0
1,0,0,3,0,0,102,58272,0,0
1,0,0,3,0,0,102,58272,0,0
1,0,1,3,2,0,103,58597,0,0
1,0,1,3,2,0,103,58597,0,0
1,0,0,3,1,0,103,58099,0,0
1,0,0,3,1,0,103,58099,0,0
1,0,1,3,1,1,103,58217,0,0
1,0,1,3,1,1,103,58217,0,0
0,0,0,3,0,0,103,58657,0,0
0,0,0,3,0,0,103,58657,0,0
0,0,0,3,1,1,103,58386,0,0
0,0,0,3,1,1,103,58386,0,0
0,0,0,3,0,0,103,58445,0,0
0,0,0,3,0,0,103,58445,0,0
0,0,0,4,1,0,103,57983,0,0
0,0,0,4,1,0,103,57983,0,0
1,0,0,2,1,0,103,58558,0,0
1,0,0,2,1,0,103,58558,0,0
1,0,1,3,1,1,103,58293,0,0
1,0,1,3,1,1,103,58293,0,0
2,0,0,4,0,0,103,58772,0,0
2,0,0,4,0,0,103,58772,0,0
3,0,1,4,1,0,103,58537,0,0
3,0,1,4,1,0,103,58537,0,0
2,0,1,3,0,0,102,58424,0,0
2,0,1,3,0,0,102,58424,0,0
1,2,1,3,0,1,103,58606,0,0
1,2,1,3,0,1,103,58606,0,0
2,0,0,2,0,0,104,58672,0,0
1,2,1,3,2,0,104,58352,0,0
1,2,1,3,2,0,104,58352,0,0
0,0,1,5,0,0,102,59151,0,0
0,0,1,5,0,0,102,59151,0,0
0,0,1,3,0,1,104,58652,0,0
0,0,1,3,0,1,104,58652,0,0
0,0,0,3,0,1,103,58934,0,0
0,0,0,3,0,1,103,58934,0,0
1,0,0,3,1,2,103,58213,0,0
1,0,0,3,1,2,103,58213,0,0
1,0,0,3,0,0,103,58619,0,0
1,0,0,3,0,0,103,58619,0,0
0,0,0,3,1,0,104,58243,0,0
0,0,0,3,1,0,104,58243,0,0
1,0,1,3,1,0,103,58855,0,0
1,0,1,3,1,0,103,58855,0,0
1,0,0,3,1,1,103,58991,0,0
1,0,0,3,1,1,103,58991,0,0
0,0,0,4,0,0,104,58670,0,0
0,0,0,4,0,0,104,58670,0,0
2,0,0,2,2,1,103,58796,0,0
2,0,0,2,2,1,103,58796,0,0
2,0,0,3,0,0,103,58262,0,0
2,0,0,3,0,0,103,58262,0,0
1,0,1,3,0,1,103,58314,0,0
1,0,1,3,0,1,103,58314,0,0
1,1,1,2,1,0,104,58802,0,0
1,1,1,2,1,0,104,58802,0,0
0,0,1,3,2,0,103,58273,0,0
0,0,1,3,2,0,103,58273,0,0
1,0,1,2,1,0,101,58091,0,0
0,0,1,4,1,0,103,59300,0,0
0,0,1,4,1,0,103,59300,0,0
1,0,0,3,1,0,103,58598,0,0
1,0,0,3,1,0,103,58598,0,0
0,0,0,4,1,0,102,58326,0,0
0,0,0,4,1,0,102,58326,0,0
1,0,0,3,0,0,104,58253,0,0
1,0,0,3,0,0,104,58253,0,0
0,0,1,3,1,0,103,58290,0,0
0,0,1,3,1,0,103,58290,0,0
1,0,0,3,0,0,103,58376,0,0
1,0,0,3,0,0,103,58376,0,0
1,0,2,3,0,0,103,58237,0,0
1,0,2,3,0,0,103,58237,0,0
0,0,1,3,0,1,103,58480,0,0
0,0,1,3,0,1,103,58480,0,0
2,0,0,3,1,1,103,58939,0,0
2,0,0,3,1,1,103,58939,0,0
1,0,0,4,0,0,105,58475,0,0
1,0,0,4,0,0,105,58475,0,0
0,0,1,4,1,0,104,58368,0,0
0,0,1,4,1,0,104,58368,0,0
1,0,0,2,0,0,103,58267,0,0
1,0,0,2,0,0,103,58267,0,0
1,0,1,3,1,0,104,58292,0,0
1,0,1,3,1,0,104,58292,0,0
1,0,1,3,0,0,103,58201,0,0
1,0,1,2,1,0,103,58323,0,0
1,0,1,2,1,0,103,58323,0,0
1,0,1,2,0,0,104,58824,0,0
1,0,1,2,0,0,104,58824,0,0
0,0,1,3,1,0,103,58608,0,0
0,0,1,3,1,0,103,58608,0,0
0,0,1,3,0,0,102,58366,0,0
0,0,1,3,0,0,102,58366,0,0
1,0,0,3,0,1,104,58340,0,0
1,0,0,3,0,1,104,58340,0,0
0,0,0,3,0,0,105,58387,0,0
0,0,0,3,0,0,105,58387,0,0
0,0,1,2,1,0,104,58473,0,0
0,0,1,2,1,0,104,58473,0,0
1,0,0,3,0,0,103,58384,0,0
1,0,0,3,0,0,103,58384,0,0
0,0,1,3,2,0,103,58568,0,0
0,0,1,3,2,0,103,58568,0,0
0,0,0,3,0,0,103,58282,0,0
0,0,0,3,0,0,103,58282,0,0
1,0,0,3,1,1,103,58400,0,0
1,0,0,3,1,1,103,58400,0,0
1,0,0,3,0,0,104,58277,0,0
1,0,0,3,0,0,104,58277,0,0
1,0,2,2,0,0,103,58418,0,0
1,0,2,2,0,0,103,58418,0,0
0,0,0,3,0,0,103,58971,0,0
0,0,0,3,0,0,103,58971,0,0
1,0,1,3,1,0,103,58052,0,0
1,0,1,3,1,0,103,58052,0,0
1,0,0,3,0,0,103,58643,0,0
1,0,0,3,0,0,103,58643,0,0
0,0,1,3,0,1,104,58186,0,0
0,0,1,3,0,1,104,58186,0,0
0,0,1,3,0,0,103,58352,0,0
0,0,1,3,0,0,103,58352,0,0
1,0,1,3,0,0,104,58176,0,0
1,0,1,3,0,0,104,58176,0,0
0,0,0,3,0,0,104,58313,0,0
0,0,0,3,0,0,103,58336,0,0
0,0,0,3,0,0,103,58336,0,0
2,0,1,2,0,0,102,58584,0,0
2,0,1,2,0,0,102,58584,0,0
1,0,0,2,1,1,103,58240,0,0
1,0,0,2,1,1,103,58240,0,0
1,0,1,3,1,0,102,58536,0,0
